6 0.8347797786938599 0.975896644812958 0.010631373399869819 0.020439645198611647
10 0.8844651768279453 0.7506748939452372 0.010631373399869819 0.020439645198611647
21 0.7240182252115427 0.7418048592364057 0.010414406595790845 0.020439645198611647
22 0.8948795834237362 0.7624373312765137 0.010631373399869819 0.02082529888160432
24 0.7240182252115427 0.7743925954492865 0.010414406595790845 0.02082529888160432
29 0.6415708396615318 0.6326648669494793 0.010414406595790845 0.020439645198611647
31 0.7181601215014103 0.8640570767450829 0.010414406595790845 0.020439645198611647
32 0.7222824907789108 0.8274199768607791 0.010414406595790845 0.020439645198611647
35 0.7326968973747017 0.8883532587736213 0.010414406595790845 0.020439645198611647
36 0.7348665654154914 0.8679136135750096 0.010414406595790845 0.020439645198611647
37 0.6416793230635712 0.6531045121480911 0.010197439791711869 0.020439645198611647
40 0.725862443046214 0.7094099498650213 0.010197439791711869 0.020439645198611647
41 0.7368192666522022 0.847473968376398 0.010414406595790845 0.020439645198611647
42 0.7386634844868735 0.8108368684920941 0.010197439791711869 0.020439645198611647
43 0.7220655239748318 0.7946394138064019 0.010414406595790845 0.020439645198611647
44 0.7329138641787807 0.9084072502892403 0.010414406595790845 0.020439645198611647
46 0.5426339770015187 0.10354801388353259 0.009980472987632893 0.020439645198611647
49 0.477326968973747 0.7009255688391824 0.010414406595790845 0.020439645198611647
51 0.42764157083966153 0.4679907443116082 0.010414406595790845 0.020439645198611647
52 0.7406161857235843 0.7903972232934825 0.010197439791711869 0.020439645198611647
53 0.6313733998698199 0.6569610489780178 0.010414406595790845 0.020439645198611647
54 0.5781080494684313 0.5674893945237177 0.010197439791711869 0.020439645198611647
55 0.7142547190279888 0.9006941766293868 0.010414406595790845 0.020439645198611647
57 0.7081796485137773 0.9496721943694563 0.010414406595790845 0.020439645198611647
61 0.4033412887828162 0.4469726185885075 0.010414406595790845 0.02082529888160432
62 0.7329138641787807 0.9288468954878519 0.010414406595790845 0.020439645198611647
66 0.7405077023215448 0.7699575780948708 0.010414406595790845 0.020439645198611647
69 0.4915382946409199 0.7537601234091785 0.010197439791711869 0.020439645198611647
72 0.7101323497504882 0.9211338218279984 0.010414406595790845 0.020439645198611647
73 0.5803862009112606 0.4373312765136907 0.009980472987632893 0.020053991515618975
74 0.8677587329138642 0.718472811415349 0.010631373399869819 0.02082529888160432
75 0.6518767628552832 0.6569610489780178 0.010197439791711869 0.020439645198611647
76 0.8451941852896507 0.9755109911299653 0.010631373399869819 0.020439645198611647
77 0.7424604035582556 0.7499035865792518 0.010414406595790845 0.020439645198611647
79 0.9051855066174875 0.7539529502506749 0.010414406595790845 0.02082529888160432
80 0.7331308309828596 0.9492865406864636 0.010414406595790845 0.020439645198611647
81 0.6416793230635712 0.6733513305052063 0.010197439791711869 0.020053991515618975
82 0.6977652419179865 0.9577709217123024 0.010414406595790845 0.020439645198611647
83 0.7424604035582556 0.7294639413806402 0.010414406595790845 0.020439645198611647
85 0.4072466912562378 0.46741226378711914 0.010414406595790845 0.02082529888160432
86 0.7099153829464092 0.8355187042036252 0.010414406595790845 0.020439645198611647
87 0.7136038186157518 0.7418048592364057 0.010414406595790845 0.020439645198611647
90 0.7431113039704925 0.8879676050906287 0.010414406595790845 0.020439645198611647
92 0.3974831850726839 0.4265329733898959 0.010414406595790845 0.02082529888160432
93 0.7238012584074637 0.6889703046664095 0.010414406595790845 0.020439645198611647
94 0.7450640052072033 0.8675279598920169 0.010414406595790845 0.020439645198611647
95 0.747016706443914 0.8308908600077131 0.010414406595790845 0.020439645198611647
96 0.743219787372532 0.9084072502892403 0.010631373399869819 0.020439645198611647
97 0.7422434367541766 0.7090242961820286 0.010414406595790845 0.020439645198611647
98 0.9792796702104578 0.7554955649826456 0.010631373399869819 0.02082529888160432
99 0.9630071599045346 0.9433089086000771 0.010631373399869819 0.02082529888160432
100 0.6375569537860707 0.6935981488623216 0.010197439791711869 0.020439645198611647
101 0.6210674766760685 0.6693019668337833 0.010197439791711869 0.020439645198611647
103 0.7351920156216099 0.9695333590435788 0.010631373399869819 0.02082529888160432
104 0.7489694076806248 0.8106440416505978 0.010414406595790845 0.02082529888160432
105 0.6895205033629854 0.978210566910914 0.010414406595790845 0.020439645198611647
107 0.7079626817096984 0.8559583494022368 0.010414406595790845 0.020439645198611647
108 0.9362117596007811 0.7693790975703818 0.010414406595790845 0.02082529888160432
111 0.7433282707745715 0.9288468954878519 0.010414406595790845 0.020439645198611647
112 0.7401822521154263 0.6885846509834169 0.010197439791711869 0.020439645198611647
113 0.9464091993924929 0.7647512533744697 0.010414406595790845 0.02082529888160432
114 0.9525927533087437 0.9396451986116467 0.010631373399869819 0.020439645198611647
115 0.9734215665003254 0.9388738912456613 0.010631373399869819 0.020439645198611647
116 0.6375569537860707 0.7140377940609333 0.010197439791711869 0.020439645198611647
117 0.6272510305923193 0.6897416120323949 0.010414406595790845 0.020439645198611647
118 0.7203297895422001 0.8476667952178943 0.010414406595790845 0.02082529888160432
119 0.9260143198090692 0.7778634785962206 0.010414406595790845 0.02082529888160432
121 0.9689737470167065 0.7558812186656383 0.010414406595790845 0.02082529888160432
123 0.9587763072249946 0.7601234091785577 0.010414406595790845 0.02082529888160432
124 0.6518767628552832 0.6774006941766294 0.010197439791711869 0.020439645198611647
126 0.7366022998481232 0.8270343231777864 0.010414406595790845 0.020439645198611647
127 0.7509221089173357 0.7903972232934825 0.010414406595790845 0.020439645198611647
129 0.7433282707745715 0.9490937138449672 0.010414406595790845 0.02082529888160432
130 0.7380125840746365 0.6685306594677979 0.010197439791711869 0.020439645198611647
131 0.6997179431546974 0.9130350944851523 0.010414406595790845 0.020439645198611647
132 0.8387936645693209 0.9554569996143463 0.010414406595790845 0.020439645198611647
133 0.7509221089173357 0.7699575780948708 0.010414406595790845 0.020439645198611647
135 0.9421783467129529 0.9359814886232164 0.010631373399869819 0.02082529888160432
138 0.42091559991321326 0.5451214809101427 0.010414406595790845 0.020439645198611647
139 0.5199609459752658 0.8640570767450829 0.010197439791711869 0.020439645198611647
140 0.71186808418312 0.8150790590050135 0.010414406595790845 0.020439645198611647
143 0.9317639401171621 0.9240262244504435 0.010631373399869819 0.02082529888160432
144 0.7079626817096984 0.8763979946008484 0.010414406595790845 0.020439645198611647
145 0.7157734866565415 0.7622445044350173 0.010414406595790845 0.020439645198611647
146 0.9786287697982209 0.7065175472425762 0.010631373399869819 0.02082529888160432
147 0.8780646561076155 0.7304280755881218 0.010414406595790845 0.02082529888160432
148 0.6757431113039705 0.3843038951021982 0.010197439791711869 0.020439645198611647
149 0.6906053373833804 0.5875433860393366 0.010414406595790845 0.020439645198611647
152 0.6089173356476459 0.12398765908214424 0.010197439791711869 0.020439645198611647
156 0.9158168800173574 0.7863478596220594 0.010414406595790845 0.02082529888160432
162 0.3931438489911044 0.44677979174701116 0.010414406595790845 0.020439645198611647
164 0.6977652419179865 0.9373312765136907 0.010414406595790845 0.020439645198611647
165 0.7359513994358863 0.6480910142691862 0.010414406595790845 0.020439645198611647
167 0.7233673247993057 0.5952564596991902 0.010414406595790845 0.020439645198611647
169 0.7454979388153613 0.9693405322020825 0.010414406595790845 0.020439645198611647
170 0.7528748101540464 0.7495179328962591 0.010414406595790845 0.020439645198611647
171 0.7183770883054893 0.8843038951021982 0.010414406595790845 0.02082529888160432
172 0.49414189628986765 0.19224836097184728 0.010197439791711869 0.020439645198611647
175 0.4213495335213712 0.4880447358272271 0.010414406595790845 0.020439645198611647
176 0.7535257105662834 0.8879676050906287 0.010414406595790845 0.020439645198611647
177 0.7552614449989151 0.8513305052063247 0.010414406595790845 0.020439645198611647
179 0.6737904100672597 0.36386424990358657 0.010197439791711869 0.020439645198611647
180 0.9213495335213713 0.9163131507905901 0.010631373399869819 0.02082529888160432
182 0.6779127793447602 0.4047435403008099 0.010197439791711869 0.020439645198611647
183 0.5178997613365155 0.8436174315464713 0.010414406595790845 0.020439645198611647
184 0.6575178997613366 0.40069417662938683 0.010197439791711869 0.020053991515618975
186 0.4016055543501844 0.40628615503278054 0.010414406595790845 0.020439645198611647
187 0.7192449555218051 0.5752024681835711 0.010414406595790845 0.020439645198611647
188 0.973096116294207 0.5966062475896645 0.010414406595790845 0.02082529888160432
189 0.757214146235626 0.8308908600077131 0.010414406595790845 0.020439645198611647
190 0.9489043176394012 0.9724257616660239 0.010631373399869819 0.020439645198611647
191 0.9055109568236059 0.7948322406478981 0.010631373399869819 0.02082529888160432
192 0.7526578433499674 0.7292711145391438 0.010414406595790845 0.02082529888160432
193 0.4289433716641354 0.5819514076359429 0.010414406595790845 0.02082529888160432
194 0.4408765458884791 0.6349787890474354 0.010414406595790845 0.020439645198611647
195 0.816120633543068 0.9722329348245276 0.010631373399869819 0.02082529888160432
198 0.7088305489260143 0.522367913613575 0.010414406595790845 0.020439645198611647
199 0.7337817313950965 0.6276513690705746 0.010414406595790845 0.020439645198611647
201 0.5181167281405945 0.8235634400308522 0.010414406595790845 0.020439645198611647
202 0.949989151659796 0.7200154261473197 0.010631373399869819 0.02082529888160432
205 0.8806682577565632 0.783262630158118 0.010414406595790845 0.02082529888160432
206 0.7535257105662834 0.908214423447744 0.010414406595790845 0.02082529888160432
207 0.7129529182035148 0.5426147319706903 0.010414406595790845 0.02082529888160432
208 0.9384899110436103 0.9687620516775935 0.010631373399869819 0.02082529888160432
211 0.6881102191364721 0.432896259159275 0.010197439791711869 0.020439645198611647
212 0.9108266435235409 0.9045507134593135 0.010414406595790845 0.020439645198611647
213 0.9293773052722933 0.7165445430003856 0.010631373399869819 0.02082529888160432
215 0.47515730093295727 0.7209795603548014 0.010414406595790845 0.020439645198611647
217 0.8931438489911043 0.7952178943308909 0.010631373399869819 0.02082529888160432
218 0.4935994792796702 0.7337061318935596 0.010414406595790845 0.020439645198611647
220 0.8179648513777392 0.9517932896259159 0.010414406595790845 0.02082529888160432
221 0.6925580386200911 0.5509062861550328 0.010414406595790845 0.020439645198611647
222 0.7066608808852246 0.5019282684149634 0.010414406595790845 0.020439645198611647
225 0.7537426773703624 0.9284612418048592 0.010414406595790845 0.020439645198611647
227 0.6842048166630506 0.5061704589278828 0.010197439791711869 0.020439645198611647
228 0.7504881753091777 0.6885846509834169 0.010414406595790845 0.020439645198611647
229 0.7526578433499674 0.7090242961820286 0.010414406595790845 0.020439645198611647
230 0.6477543935777826 0.697840339375241 0.010197439791711869 0.020439645198611647
237 0.9627901931004557 0.9228692634014655 0.010631373399869819 0.02082529888160432
238 0.7336732479930571 0.6075973775549557 0.010197439791711869 0.020439645198611647
239 0.7591668474723368 0.8104512148091014 0.010414406595790845 0.020439645198611647
240 0.959101757431113 0.9637485537986887 0.010631373399869819 0.02082529888160432
243 0.6942937730527229 0.4533359043578866 0.010414406595790845 0.020439645198611647
244 0.6881102191364721 0.412842267643656 0.010197439791711869 0.020439645198611647
246 0.7004773269689738 0.477632086386425 0.010197439791711869 0.020439645198611647
247 0.7034063788240399 0.7421905129193984 0.010414406595790845 0.020439645198611647
248 0.9397917118680842 0.7242576166602391 0.010631373399869819 0.02082529888160432
249 0.7483185072683879 0.6681450057848053 0.010414406595790845 0.020439645198611647
250 0.7537426773703624 0.9489008870034709 0.010414406595790845 0.020439645198611647
251 0.9627901931004557 0.588893173929811 0.010631373399869819 0.02082529888160432
252 0.6737904100672597 0.3436174315464713 0.010197439791711869 0.020053991515618975
253 0.8702538511607724 0.7713073659853451 0.010414406595790845 0.02082529888160432
254 0.7232588413972663 0.5547628229849595 0.010197439791711869 0.020439645198611647
256 0.6999349099587763 0.978210566910914 0.010414406595790845 0.020439645198611647
257 0.6272510305923193 0.7099884303895102 0.010414406595790845 0.020053991515618975
258 0.9280755044478195 0.9649055148476668 0.010631373399869819 0.02082529888160432
259 0.8613582121935344 0.6984188198997301 0.010414406595790845 0.02082529888160432
260 0.6976567585159471 0.8925954492865407 0.010197439791711869 0.020439645198611647
261 0.9602950748535474 0.719629772464327 0.010414406595790845 0.02082529888160432
262 0.8774137556953786 0.8769764751253375 0.010414406595790845 0.02082529888160432
264 0.3127576480798438 0.016583108368684922 0.010197439791711869 0.02082529888160432
266 0.4753742677370362 0.6804859236405708 0.010414406595790845 0.020439645198611647
268 0.726079409850293 0.7541457770921712 0.010197439791711869 0.020439645198611647
270 0.7070948144933825 0.6160817585807944 0.010414406595790845 0.020439645198611647
274 0.8884790627034064 0.7300424219051292 0.010414406595790845 0.02082529888160432
275 0.9794966370145368 0.7757423833397609 0.010631373399869819 0.020439645198611647
277 0.761228032111087 0.7900115696104898 0.010197439791711869 0.020439645198611647
278 0.6859405510956824 0.3843038951021982 0.010197439791711869 0.020439645198611647
279 0.7259709264482535 0.7294639413806402 0.010414406595790845 0.020439645198611647
280 0.7461488392275982 0.6480910142691862 0.010414406595790845 0.020439645198611647
282 0.9004122369277501 0.8966448129579637 0.010414406595790845 0.02082529888160432
283 0.941961379908874 0.9155418434246047 0.010631373399869819 0.02082529888160432
284 0.877956172705576 0.7101812572310066 0.010631373399869819 0.020439645198611647
285 0.9814493382512476 0.9263401465483996 0.010631373399869819 0.02082529888160432
287 0.931980906921241 0.9444658696490551 0.010631373399869819 0.02082529888160432
288 0.7294423953135171 0.5748168145005785 0.010414406595790845 0.020439645198611647
291 0.9229767845519635 0.6964905514847667 0.010414406595790845 0.02082529888160432
292 0.8878281622911695 0.8848823756266873 0.010414406595790845 0.020439645198611647
294 0.7611195487090475 0.7697647512533745 0.010414406595790845 0.02082529888160432
295 0.6875678021262747 0.9577709217123024 0.010414406595790845 0.020439645198611647
297 0.9364287264048601 0.7896259159274971 0.010414406595790845 0.020439645198611647
298 0.4288348882620959 0.2969533359043579 0.010197439791711869 0.02082529888160432
300 0.8617921458016924 0.7512533744697262 0.010414406595790845 0.02082529888160432
301 0.4994575829898026 0.8272271500192827 0.010414406595790845 0.02082529888160432
303 0.4184204816663051 0.6183956806787505 0.010197439791711869 0.020439645198611647
304 0.5059665871121718 0.7662938681064404 0.010414406595790845 0.02082529888160432
305 0.9262312866131482 0.7981102969533359 0.010414406595790845 0.020439645198611647
308 0.9692991972228249 0.7761280370227536 0.010631373399869819 0.020439645198611647
317 0.6426556736819267 0.6550327805630544 0.020394879583423738 0.04049363671423062
318 0.7208722065523975 0.7520246818357116 0.020611846387502714 0.040879290397223295
319 0.737904100672597 0.8862321635171616 0.02082881319158169 0.040879290397223295
320 0.7151225862443046 0.8414963362900115 0.02082881319158169 0.040879290397223295
321 0.7418095031460187 0.8413035094485153 0.02082881319158169 0.041264944080215964
324 0.7437622043827294 0.8006170458927883 0.02082881319158169 0.040879290397223295
325 0.738121067476676 0.9267258002313922 0.02082881319158169 0.040879290397223295
326 0.891733564764591 0.7524103355187042 0.02082881319158169 0.04165059776320864
328 0.7090475157300933 0.9147705360586194 0.02082881319158169 0.040879290397223295
333 0.7457149056194402 0.759737755495565 0.02082881319158169 0.040879290397223295
335 0.7190279887177262 0.801002699575781 0.02082881319158169 0.040879290397223295
337 0.7010197439791712 0.9556498264558426 0.02082881319158169 0.040879290397223295
338 0.40236493816446084 0.4490937138449672 0.020611846387502714 0.041264944080215964
339 0.6345194185289651 0.6957192441187814 0.020611846387502714 0.040879290397223295
340 0.7383380342807551 0.9674122637871192 0.02082881319158169 0.041264944080215964
341 0.7454979388153613 0.7192441187813343 0.02082881319158169 0.040879290397223295
343 0.9598611412453895 0.9413806401851138 0.021262746799739638 0.04165059776320864
346 0.743219787372532 0.6785576552256074 0.020611846387502714 0.041264944080215964
347 0.8707962681709699 0.7163517161588893 0.021045779995660666 0.041264944080215964
348 0.9742894337166413 0.7657153875819515 0.021045779995660666 0.041264944080215964
350 0.9332827077457149 0.7795989201696876 0.021045779995660666 0.041264944080215964
351 0.9390323280538078 0.934053220208253 0.021262746799739638 0.04165059776320864
355 0.9536775873291387 0.7705360586193598 0.021045779995660666 0.04165059776320864
356 0.6808418311998264 0.39028152718858466 0.020394879583423738 0.040879290397223295
359 0.7131698850075938 0.8823756266872349 0.02082881319158169 0.040879290397223295
361 0.7388804512909525 0.6378711916698805 0.020611846387502714 0.040879290397223295
362 0.7265133434584509 0.5892788276128037 0.020611846387502714 0.040879290397223295
363 0.4966370145367759 0.7477824913227922 0.02082881319158169 0.040879290397223295
365 0.7180516380993708 0.548785190898573 0.020611846387502714 0.040879290397223295
366 0.7586244304621393 0.8816043193212495 0.021045779995660666 0.040879290397223295
368 0.7228249077891082 0.7113382182799846 0.020611846387502714 0.041264944080215964
369 0.9128878281622912 0.7965676822213652 0.021045779995660666 0.041264944080215964
371 0.693208939032328 0.4307751639028153 0.020394879583423738 0.040879290397223295
373 0.7625298329355609 0.8409178557655226 0.021045779995660666 0.041264944080215964
375 0.9180950314601866 0.9103355187042036 0.021045779995660666 0.041264944080215964
376 0.7098068995443697 0.5079059005013498 0.020611846387502714 0.040879290397223295
377 0.42655673681926665 0.47801774006941766 0.02082881319158169 0.041264944080215964
378 0.6767194619223259 0.34978789047435405 0.020394879583423738 0.040879290397223295
379 0.932414840529399 0.7103740840725029 0.021045779995660666 0.04165059776320864
381 0.7643740507702321 0.8002313922097956 0.02082881319158169 0.040879290397223295
382 0.9719027988717727 0.586579251831855 0.021045779995660666 0.04165059776320864
383 0.6221523106964635 0.6631315079059005 0.020611846387502714 0.04049363671423062
385 0.9736385333044044 0.7088314693405322 0.021045779995660666 0.04165059776320864
386 0.6896289867650249 0.5773235634400309 0.020611846387502714 0.040879290397223295
387 0.47428943371664134 0.7026610104126494 0.02082881319158169 0.040879290397223295
388 0.8859839444564982 0.7932896259159274 0.021045779995660666 0.04165059776320864
389 0.5416576263831634 0.10142691862707288 0.02017791277934476 0.040879290397223295
393 0.7285745280972011 0.847473968376398 0.03124321978737253 0.06131893559583494
394 0.639618138424821 0.6693019668337833 0.03080928617921458 0.06131893559583494
395 0.7323714471685832 0.7741997686077902 0.031026252983293555 0.06131893559583494
398 0.743219787372532 0.9084072502892403 0.03146018659145151 0.06131893559583494
400 0.7060099804729877 0.9292325491708446 0.03124321978737253 0.06131893559583494
403 0.7361683662399653 0.713266486694948 0.03124321978737253 0.06131893559583494
407 0.8949880668257757 0.7707288854608562 0.03167715339553048 0.06209024296182029
409 0.950640052072033 0.9477439259544929 0.03189412019960946 0.06209024296182029
412 0.7593838142764157 0.8349402236791361 0.03124321978737253 0.06170458927882761
413 0.9405510956823606 0.7853837254145777 0.03167715339553048 0.06209024296182029
414 0.4073551746582773 0.4469726185885075 0.031026252983293555 0.06170458927882761
416 0.744087654588848 0.651947551099113 0.031026252983293555 0.06131893559583494
419 0.6859405510956824 0.38816043193212496 0.030592319375135603 0.06131893559583494
420 0.7273812106747668 0.5750096413420748 0.031026252983293555 0.06170458927882761
421 0.8758949880668258 0.7101812572310066 0.03124321978737253 0.06209024296182029
422 0.7632892167498373 0.7738141149247976 0.03124321978737253 0.06131893559583494
423 0.9691907138207854 0.7761280370227536 0.03167715339553048 0.06209024296182029
425 0.7168583206769364 0.5140763594292326 0.03080928617921458 0.06170458927882761
427 0.9374050770232154 0.6999614346317007 0.03146018659145151 0.062475896644812956
428 0.919071382078542 0.9041650597763209 0.03167715339553048 0.06209024296182029
430 0.7274896940768063 0.86579251831855 0.04165762638316338 0.08175858079444659
432 0.7334562811889781 0.784419591207096 0.0414406595790844 0.08175858079444659
435 0.6364721197656759 0.6712302352487466 0.04100672597092645 0.08137292711145391
437 0.7393143848991104 0.7030466640956421 0.0414406595790844 0.08175858079444659
438 0.7464742894337166 0.9469726185885076 0.041874593187242355 0.08214423447743927
442 0.8813191581688001 0.7364057076745083 0.04209155999132133 0.0829155418434246
443 0.9473855500108483 0.9377169301966833 0.04230852679540031 0.0829155418434246
444 0.7010197439791712 0.9475510991129965 0.04165762638316338 0.08175858079444659
446 0.9643089607290085 0.7865406864635557 0.04230852679540031 0.0829155418434246
447 0.4124538945541332 0.44504435017354416 0.04122369277500543 0.08252988816043193
448 0.9231937513560425 0.7961820285383725 0.04209155999132133 0.0829155418434246
449 0.7284660446951616 0.5850366370998843 0.0414406595790844 0.08175858079444659
451 0.7285745280972011 0.8679136135750096 0.05207203297895422 0.10219822599305824
454 0.7364938164460838 0.766101041264944 0.051855066174875245 0.10219822599305824
458 0.8866348448687351 0.7547242576166603 0.052288999783033197 0.10335518704203625
459 0.9483619006292038 0.9276899344388739 0.052939900195270125 0.10374084072502893
463 0.6334345845085702 0.6691091399922869 0.05142113256671729 0.10181257231006556
464 0.7441961379908874 0.6640956421133822 0.05163809937079627 0.10258387967605091
465 0.7318290301583857 0.8738912456613961 0.06248643957474506 0.12263787119166988
467 0.7414840529399002 0.7518318549942152 0.062269472770666086 0.12302352487466256
472 0.891733564764591 0.7524103355187042 0.06292037318290301 0.12418048592364057
473 0.9493382512475591 0.9172772849980717 0.06357127359513995 0.12456613960663325
474 0.9535691039270991 0.7502892402622445 0.06335430679106097 0.12456613960663325
475 0.7287914949012801 0.8881604319321249 0.07290084617053591 0.1434631700732742
477 0.7405077023215448 0.7454685692248361 0.07246691256237796 0.1434631700732742
479 0.8990019527012367 0.7541457770921712 0.07355174658277283 0.14462013112225222
482 0.729876328921675 0.8819899730042422 0.08331525276632676 0.16351716158889318
484 0.7372532002603601 0.7190512919398381 0.0828813191581688 0.16390281527188585
486 0.9205901497070949 0.7431546471268801 0.08418311998264266 0.1658310836868492
487 0.7348665654154914 0.8717701504049363 0.09372965936211759 0.1839568067875048
489 0.9392492948578868 0.84631700732742 0.09503146018659145 0.18627072888546087
491 0.7400737687133868 0.8655996914770536 0.10414406595790844 0.20478210566910915
493 0.9341505749620308 0.848630929425376 0.10566283358646127 0.20709602776706518
