0 0.5027120850509872 0.525838796760509 0.00954653937947494 0.020439645198611647
1 0.31471034931655456 0.09911299652911686 0.009329572575395965 0.02082529888160432
2 0.323931438489911 0.0913999228692634 0.00954653937947494 0.02082529888160432
3 0.3054892601431981 0.10296953335904357 0.00954653937947494 0.02082529888160432
4 0.5238663484486874 0.05360586193598149 0.009329572575395965 0.02082529888160432
5 0.34834020394879583 0.05591978403393753 0.009329572575395965 0.02082529888160432
6 0.333477977869386 0.07558812186656383 0.00954653937947494 0.02082529888160432
7 0.4875244087654589 0.5539915156189742 0.00954653937947494 0.020439645198611647
8 0.5120416576263832 0.5177400694176629 0.00954653937947494 0.020439645198611647
9 0.35593404209156 0.03586579251831855 0.009329572575395965 0.02082529888160432
10 0.36916901714037753 0.012148091014269186 0.009329572575395965 0.020439645198611647
11 0.33922759817747883 0.05553413035094485 0.009329572575395965 0.02082529888160432
12 0.359947927967021 0.015811801002699577 0.00954653937947494 0.02082529888160432
13 0.4931655456715123 0.5337446972618588 0.00954653937947494 0.02082529888160432
14 0.4420698633109134 0.5977632086386425 0.009763506183553917 0.02082529888160432
16 0.346821436320243 0.03548013883532588 0.009329572575395965 0.02082529888160432
17 0.4306791060967672 0.6014269186270729 0.00954653937947494 0.020439645198611647
18 0.315035799522673 0.07886617817200155 0.00954653937947494 0.021210952564596992
19 0.324365372098069 0.07134593135364442 0.00954653937947494 0.02082529888160432
20 0.29789542200043395 0.11453914384882376 0.00954653937947494 0.02082529888160432
21 0.4515079192883489 0.5979560354801389 0.00954653937947494 0.020439645198611647
22 0.3144933825124756 0.6945622830698033 0.009763506183553917 0.02082529888160432
25 0.48166630505532654 0.5742383339760895 0.00954653937947494 0.02082529888160432
27 0.35083532219570407 0.015426147319706903 0.00954653937947494 0.02082529888160432
30 0.4212410501193317 0.6093328191284226 0.009763506183553917 0.02082529888160432
31 0.3643957474506401 0.6397994600848438 0.009763506183553917 0.02082529888160432
32 0.342590583640703 0.07635942923254917 0.00954653937947494 0.02082529888160432
35 0.5854849208071166 0.368106440416506 0.009329572575395965 0.020439645198611647
37 0.30581471034931657 0.08252988816043193 0.009329572575395965 0.02082529888160432
38 0.33770883054892603 0.0350944851523332 0.009329572575395965 0.02082529888160432
40 0.3548492080711651 0.6475125337446973 0.009763506183553917 0.02082529888160432
48 0.5891733564764591 0.3885460856151176 0.009329572575395965 0.020439645198611647
50 0.4228683011499241 0.6297724643270344 0.00954653937947494 0.02082529888160432
51 0.5872206552397483 0.34766679521789434 0.009329572575395965 0.020439645198611647
54 0.34172271642438706 0.01504049363671423 0.00954653937947494 0.02082529888160432
60 0.45693208939032326 0.6185885075202469 0.00954653937947494 0.02082529888160432
61 0.4831850726838794 0.6232163517161589 0.00954653937947494 0.02082529888160432
66 0.5911260577131698 0.3272271500192827 0.009329572575395965 0.020439645198611647
67 0.34562811889780864 0.5005784805244891 0.00954653937947494 0.02082529888160432
69 0.42308526795400303 0.4259544928654069 0.00954653937947494 0.020439645198611647
71 0.36417878064656106 0.6602391052834554 0.009763506183553917 0.02082529888160432
74 0.5911260577131698 0.306787504820671 0.009329572575395965 0.020439645198611647
75 0.432414840529399 0.6218665638256845 0.00954653937947494 0.020439645198611647
78 0.46723801258407466 0.27246432703432316 0.009329572575395965 0.020439645198611647
80 0.4467346495986114 0.29637485537986885 0.00954653937947494 0.020439645198611647
82 0.44749403341288785 0.6182028538372542 0.009763506183553917 0.02082529888160432
86 0.3301149924061619 0.05514847666795218 0.009329572575395965 0.02082529888160432
87 0.5945975265784335 0.368106440416506 0.009329572575395965 0.020439645198611647
88 0.5948144933825125 0.2867335133050521 0.009329572575395965 0.020439645198611647
93 0.35072683879366456 0.6679521789433089 0.009763506183553917 0.02082529888160432
94 0.36515513126491644 0.0323949093713845 0.00954653937947494 0.02082529888160432
97 0.5945975265784335 0.4089857308137293 0.009329572575395965 0.020439645198611647
98 0.33261011065307006 0.014654839953721558 0.00954653937947494 0.02082529888160432
101 0.5757214146235626 0.5308522946394139 0.009329572575395965 0.020439645198611647
102 0.5965502278151443 0.34766679521789434 0.009329572575395965 0.020439645198611647
106 0.4385983944456498 0.5649826455842654 0.009763506183553917 0.02082529888160432
107 0.4711434150574962 0.25202468183571153 0.009329572575395965 0.020439645198611647
109 0.4596441744413105 0.29251831854994215 0.009329572575395965 0.020439645198611647
110 0.4208071165111738 0.6500192826841497 0.009763506183553917 0.020439645198611647
113 0.5985029290518551 0.2662938681064404 0.009329572575395965 0.020439645198611647
114 0.585159470600998 0.47801774006941766 0.00954653937947494 0.020439645198611647
115 0.5982859622477761 0.3885460856151176 0.009329572575395965 0.020439645198611647
117 0.32827077457149056 0.6586964905514847 0.00954653937947494 0.02082529888160432
119 0.6021913647211976 0.24585422290782877 0.009329572575395965 0.020439645198611647
121 0.48123237144716857 0.6434631700732742 0.00954653937947494 0.020439645198611647
123 0.49685398134085484 0.5543771693019668 0.00954653937947494 0.020439645198611647
124 0.3153612497287915 0.05861935981488623 0.009329572575395965 0.02082529888160432
126 0.5681275764807985 0.5512919398380255 0.009329572575395965 0.020439645198611647
128 0.35745280972011284 0.056305437716930196 0.009329572575395965 0.02082529888160432
129 0.4870904751573009 0.5989201696876205 0.00954653937947494 0.02082529888160432
130 0.33727489694076807 0.6833783262630159 0.009763506183553917 0.02082529888160432
131 0.29832935560859186 0.09429232549170845 0.00954653937947494 0.021210952564596992
136 0.38717726187893253 0.6286155032780563 0.009763506183553917 0.02082529888160432
137 0.5963332610110653 0.47801774006941766 0.009329572575395965 0.020439645198611647
143 0.306140160555435 0.06209024296182029 0.00954653937947494 0.02082529888160432
147 0.5850509871989585 0.5188970304666409 0.009329572575395965 0.020439645198611647
151 0.36092427858537646 0.611261087543386 0.009763506183553917 0.02082529888160432
152 0.29670210457799956 0.1839568067875048 0.009763506183553917 0.02082529888160432
153 0.3738338034280755 0.6401851137678365 0.00954653937947494 0.02082529888160432
156 0.328596224777609 0.034708831469340534 0.009329572575395965 0.02082529888160432
157 0.5871121718377088 0.44138064018511375 0.00954653937947494 0.020439645198611647
161 0.607832501627251 0.22541457770921713 0.009329572575395965 0.020439645198611647
162 0.42113256671729227 0.44620131122252216 0.00954653937947494 0.02082529888160432
164 0.6002386634844868 0.3272271500192827 0.009329572575395965 0.020439645198611647
168 0.6002386634844868 0.4290397223293482 0.009329572575395965 0.020439645198611647
170 0.6003471468865264 0.30698033166216737 0.009112605771316989 0.020053991515618975
173 0.346821436320243 0.6880061704589279 0.009763506183553917 0.02082529888160432
180 0.5530483835973096 0.07038179714616274 0.009112605771316989 0.020439645198611647
182 0.5028205684530267 0.5053991515618974 0.009329572575395965 0.020439645198611647
183 0.5020611846387503 0.04492865406864636 0.009112605771316989 0.020439645198611647
184 0.4719027988717726 0.6392209795603548 0.00954653937947494 0.020439645198611647
185 0.36200911260577134 0.6804859236405708 0.009763506183553917 0.020439645198611647
192 0.5661748752440876 0.5717315850366371 0.009329572575395965 0.020439645198611647
193 0.607832501627251 0.2662938681064404 0.009329572575395965 0.020439645198611647
194 0.45367758732913865 0.565368299267258 0.00954653937947494 0.02082529888160432
195 0.604035582555869 0.2867335133050521 0.009112605771316989 0.020439645198611647
198 0.4302451724886092 0.6504049363671424 0.00954653937947494 0.020439645198611647
200 0.42156650032545023 0.40551484766679524 0.00954653937947494 0.020439645198611647
201 0.3314167932306357 0.7038179714616275 0.009763506183553917 0.02082529888160432
202 0.6039270991538295 0.4089857308137293 0.009329572575395965 0.020439645198611647
206 0.5707311781297462 0.31912842267643654 0.009329572575395965 0.020439645198611647
208 0.5775656324582339 0.5512919398380255 0.00954653937947494 0.020439645198611647
209 0.31937513560425257 0.03817971461627458 0.00954653937947494 0.02082529888160432
211 0.4134302451724886 0.6336290011569611 0.009763506183553917 0.02082529888160432
214 0.46083749186374484 0.5983416891631315 0.00954653937947494 0.020439645198611647
218 0.45801692341071815 0.2720786733513305 0.00954653937947494 0.020439645198611647
219 0.39455413321761773 0.013112225221750868 0.009329572575395965 0.02082529888160432
220 0.6133651551312649 0.20516775935210183 0.009112605771316989 0.020053991515618975
223 0.4375135604252549 0.2878904743540301 0.009329572575395965 0.020439645198611647
227 0.6372315035799523 0.013690705746239876 0.009112605771316989 0.020439645198611647
229 0.333044044261228 0.09602776706517548 0.00954653937947494 0.02082529888160432
232 0.6372315035799523 0.03413035094485152 0.009112605771316989 0.020439645198611647
238 0.3251247559123454 0.13652140377940608 0.009329572575395965 0.02082529888160432
239 0.6115209372965936 0.24585422290782877 0.009329572575395965 0.020439645198611647
240 0.38489911043610325 0.05765522560740455 0.00954653937947494 0.020439645198611647
242 0.4486873508353222 0.2759352101812572 0.00954653937947494 0.020439645198611647
243 0.6039270991538295 0.368106440416506 0.009329572575395965 0.020439645198611647
244 0.532002603601649 0.648476667952179 0.00954653937947494 0.020439645198611647
246 0.2912779344760252 0.7261858850752024 0.009763506183553917 0.02082529888160432
247 0.4225428509438056 0.6704589278827613 0.009763506183553917 0.020439645198611647
248 0.46897374701670647 0.29290397223293485 0.009329572575395965 0.020439645198611647
249 0.4443480147537427 0.54473582722715 0.00954653937947494 0.020439645198611647
250 0.638967238012584 0.05456999614346317 0.009112605771316989 0.020439645198611647
251 0.6372315035799523 0.07462398765908214 0.009112605771316989 0.020439645198611647
255 0.5003254502061185 0.02448900887003471 0.009112605771316989 0.020439645198611647
256 0.3407463658060317 0.7080601619745469 0.009763506183553917 0.02082529888160432
257 0.6058798003905402 0.34766679521789434 0.009329572575395965 0.020439645198611647
258 0.6133651551312649 0.16023910528345545 0.009112605771316989 0.020439645198611647
259 0.306574094163593 0.04165059776320864 0.00954653937947494 0.02082529888160432
262 0.39943588630939464 0.3762051677593521 0.00954653937947494 0.020439645198611647
263 0.6207420264699501 0.013690705746239876 0.009112605771316989 0.020439645198611647
267 0.3138424821002387 0.0929425376012341 0.018876111954870906 0.04165059776320864
268 0.34573660229984815 0.049749325106054766 0.018876111954870906 0.04165059776320864
269 0.5017357344326318 0.5277670651754724 0.018876111954870906 0.041264944080215964
271 0.4334996745497939 0.6075973775549557 0.01909307875894988 0.041264944080215964
272 0.3325016272510306 0.07770921712302352 0.018876111954870906 0.04203625144620131
274 0.4522673031026253 0.608368684920941 0.019310045563028858 0.041264944080215964
278 0.3594055109568236 0.6538758195140764 0.019310045563028858 0.041264944080215964
281 0.486439574745064 0.56421133821828 0.01909307875894988 0.040879290397223295
282 0.590041223692775 0.3619359814886232 0.018442178346712954 0.04049363671423062
288 0.593838142764157 0.32124951793289624 0.01865914515079193 0.040879290397223295
294 0.32761987415925364 0.03663709988430389 0.01909307875894988 0.04165059776320864
296 0.4217834671295292 0.6480910142691862 0.01909307875894988 0.041264944080215964
297 0.4663701453677587 0.2743925954492865 0.018876111954870906 0.041264944080215964
298 0.5974180950314602 0.4026224450443502 0.018876111954870906 0.040879290397223295
300 0.6013234975048818 0.280370227535673 0.018442178346712954 0.040879290397223295
303 0.42221740073768715 0.4278827612803702 0.01909307875894988 0.041264944080215964
305 0.5785419830765893 0.5372155804087929 0.018876111954870906 0.040879290397223295
307 0.4477110002169668 0.2902043964519861 0.018876111954870906 0.041264944080215964
308 0.34009546539379476 0.6897416120323949 0.019310045563028858 0.041264944080215964
309 0.30906921241050117 0.0520632472040108 0.018876111954870906 0.04165059776320864
310 0.4784118029941419 0.6334361743154647 0.01909307875894988 0.041264944080215964
311 0.6068561510088957 0.23987659082144233 0.01865914515079193 0.040879290397223295
312 0.3026686916901714 0.1047049749325106 0.01909307875894988 0.04203625144620131
315 0.589824256888696 0.46779791747011185 0.018876111954870906 0.040879290397223295
316 0.44521588197005857 0.5551484766679522 0.01909307875894988 0.041264944080215964
319 0.3115643306574094 0.6964905514847667 0.019527012367107834 0.04165059776320864
327 0.5206118463875027 0.5079059005013498 0.018876111954870906 0.040879290397223295
330 0.5709481449338252 0.5777092171230235 0.018876111954870906 0.040879290397223295
331 0.6417878064656107 0.0605476282298496 0.018225211542633978 0.040879290397223295
333 0.5265784334996746 0.06382568453528731 0.01865914515079193 0.041264944080215964
334 0.35897157734866564 0.6945622830698033 0.019310045563028858 0.04165059776320864
335 0.6085918854415274 0.36212880833011957 0.01865914515079193 0.040879290397223295
338 0.5697548275113907 0.31700732741997684 0.01865914515079193 0.040879290397223295
340 0.3300065090041224 0.7300424219051292 0.019527012367107834 0.04165059776320864
342 0.3639618138424821 0.04666409564211338 0.018876111954870906 0.04165059776320864
345 0.6399435886309395 0.10123409178557655 0.018442178346712954 0.04049363671423062
346 0.5348231720546757 0.6546471268800617 0.01909307875894988 0.041264944080215964
347 0.346604469516164 0.4984573852680293 0.019310045563028858 0.041264944080215964
349 0.3448687350835322 0.043578866178172 0.028422651334345846 0.062475896644812956
350 0.3149273161206335 0.08696490551484767 0.028422651334345846 0.06286155032780563
352 0.5006509004122369 0.5339375241033552 0.028422651334345846 0.06131893559583494
353 0.4342590583640703 0.6178172001542614 0.0288565849425038 0.06170458927882761
358 0.5945975265784335 0.36386424990358657 0.027988717726187894 0.06131893559583494
362 0.35452375786504664 0.6639028152718859 0.029073551746582774 0.06209024296182029
363 0.6003471468865264 0.3029309679907443 0.02777175092210892 0.06131893559583494
366 0.45975265784334995 0.280370227535673 0.02820568453026687 0.06170458927882761
369 0.5756129312215231 0.5431932124951794 0.02820568453026687 0.06131893559583494
371 0.5982859622477761 0.4251831854994215 0.027988717726187894 0.06131893559583494
372 0.46257322629637665 0.6185885075202469 0.028639618138424822 0.06170458927882761
373 0.6096767194619224 0.2418048592364057 0.02777175092210892 0.060933281912842266
374 0.3255586895205034 0.7072888546085615 0.02929051855066175 0.062475896644812956
377 0.47255369928400953 0.5495564982645584 0.028639618138424822 0.06170458927882761
380 0.41917986548058145 0.4379097570381797 0.028639618138424822 0.06209024296182029
384 0.4443480147537427 0.5489780177400694 0.028639618138424822 0.06209024296182029
388 0.6444998915165979 0.08696490551484767 0.027554784118029942 0.06131893559583494
389 0.6207420264699501 0.1806787504820671 0.02777175092210892 0.06131893559583494
390 0.4280755044478195 0.6787504820671038 0.029073551746582774 0.06170458927882761
391 0.5908006075070514 0.4861164674122638 0.02820568453026687 0.06131893559583494
393 0.42210891733564765 0.33629001156961047 0.028422651334345846 0.06170458927882761
397 0.3122152310696463 0.0807944465869649 0.03818615751789976 0.08368684920940996
400 0.4351269255803862 0.6239876590821443 0.03840312432197874 0.08252988816043193
402 0.49587763072249946 0.5439645198611647 0.03796919071382079 0.08214423447743927
405 0.5992623128661315 0.35788661781720016 0.03731829030158386 0.08175858079444659
407 0.3477977869385984 0.6777863478596221 0.03905402473421567 0.0829155418434246
410 0.6050119331742243 0.2765136907057462 0.03710132349750488 0.08175858079444659
412 0.5784334996745498 0.545314307751639 0.03775222390974181 0.08175858079444659
413 0.4588847906270341 0.2784419591207096 0.03775222390974181 0.08252988816043193
414 0.5973096116294206 0.44350173544157345 0.03731829030158386 0.08175858079444659
415 0.472879149490128 0.6249517932896259 0.03840312432197874 0.08214423447743927
417 0.621609893686266 0.19494793675279598 0.03688435669342591 0.08137292711145391
418 0.4528097201128227 0.5387581951407636 0.03818615751789976 0.08252988816043193
420 0.6490561944022565 0.06864635557269572 0.03666738988934693 0.08175858079444659
422 0.3092861792145802 0.7250289240262244 0.03927099153829464 0.08330119552641728
425 0.4126708613582122 0.4479367527959892 0.03818615751789976 0.0829155418434246
430 0.4381644608374919 0.6097184728114153 0.047949663701453676 0.10335518704203625
433 0.5928617921458017 0.3353258773621288 0.04664786287697982 0.10219822599305824
434 0.49132132783684096 0.5337446972618588 0.047515730093295724 0.10258387967605091
435 0.3447602516814927 0.6878133436174315 0.048600564113690604 0.10374084072502893
436 0.3166630505532653 0.09120709602776707 0.047515730093295724 0.10451214809101426
438 0.6001301800824473 0.4373312765136907 0.046864829681058796 0.10181257231006556
439 0.5830982859622478 0.5512919398380255 0.04708179648513777 0.10219822599305824
440 0.616945107398568 0.23370613189355957 0.04621392926882187 0.10181257231006556
442 0.4521588197005858 0.29637485537986885 0.04729876328921675 0.10296953335904357
445 0.6427641570839662 0.1074045507134593 0.045779995660663916 0.10219822599305824
450 0.4617053590800608 0.5962205939066718 0.057279236276849645 0.12340917855765522
452 0.5918854415274463 0.3414963362900116 0.05597743545237579 0.12225221750867721
454 0.33987849858971575 0.693790975703818 0.058364070297244525 0.12495179328962591
455 0.5784334996745498 0.5287311993829541 0.05641136906053374 0.12263787119166988
456 0.621609893686266 0.21924411878133437 0.05554350184421784 0.12225221750867721
457 0.5018442178346713 0.4951793289625916 0.05684530266869169 0.12340917855765522
458 0.44749403341288785 0.30640185113767837 0.05662833586461272 0.1237948322406479
460 0.32024300282056845 0.14635557269571925 0.057279236276849645 0.1253374469726186
464 0.45704057279236276 0.5939066718087158 0.06704274246040356 0.14423447743925955
467 0.5945975265784335 0.34766679521789434 0.06530700802777176 0.14307751639028152
469 0.33499674549793884 0.7038179714616275 0.06812757648079844 0.14577709217123022
470 0.5850509871989585 0.4942151947551099 0.06574094163592971 0.14307751639028152
471 0.44467346495986115 0.3083301195526417 0.06617487524408766 0.14462013112225222
472 0.626274679973964 0.20516775935210183 0.0648730744196138 0.14269186270728884
475 0.4541115209372966 0.6000771307365985 0.07680624864395748 0.16505977632086385
478 0.5955738771967889 0.3619359814886232 0.07463658060316772 0.1631315079059005
480 0.5821219353438923 0.5248746625530274 0.07507051421132567 0.16351716158889318
481 0.3301149924061619 0.7136521403779406 0.07789108266435235 0.16621673736984188
484 0.4587763072249946 0.6021982259930583 0.08613582121935344 0.18549942151947552
487 0.5982859622477761 0.36386424990358657 0.08396615317856368 0.1839568067875048
488 0.5435018442178347 0.5711531045121481 0.08505098719895855 0.1843424604704975
489 0.4349099587763072 0.348630929425376 0.08526795400303754 0.1858850752024682
491 0.4633326101106531 0.6000771307365985 0.09568236059882838 0.20593906671808715
494 0.599153829464092 0.38218279984573855 0.09351269255803862 0.20439645198611647
