8 0.14536775873291385 0.848630929425376 0.008244738555001085 0.020439645198611647
9 0.15708396615317857 0.8162360200539915 0.008244738555001085 0.020439645198611647
11 0.5158385766977652 0.6359429232549171 0.00846170535908006 0.02082529888160432
15 0.5106313733998699 0.6158889317392982 0.00846170535908006 0.02082529888160432
20 0.4694076806248644 0.5611261087543387 0.00846170535908006 0.02082529888160432
21 0.4855717075287481 0.5684535287311994 0.008244738555001085 0.02082529888160432
25 0.49978303319592104 0.5593906671808716 0.00846170535908006 0.021210952564596992
27 0.5023866348448688 0.6043193212495179 0.00846170535908006 0.02082529888160432
28 0.3802343241484053 0.7734284612418049 0.00846170535908006 0.020439645198611647
29 0.4774354523757865 0.5649826455842654 0.00846170535908006 0.02082529888160432
33 0.4926231286613148 0.6008484381025839 0.00846170535908006 0.02082529888160432
37 0.5101974397917118 0.5954492865406865 0.00846170535908006 0.02082529888160432
41 0.15361249728791496 0.8364828384111068 0.008244738555001085 0.02082529888160432
48 0.5078108049468432 0.5588121866563825 0.00846170535908006 0.02082529888160432
49 0.5017357344326318 0.5796374855379869 0.00846170535908006 0.02082529888160432
50 0.4938164460837492 0.5802159660624759 0.008244738555001085 0.021210952564596992
54 0.09991321327836841 0.3127651369070575 0.008027771750922109 0.02082529888160432
56 0.1783467129529182 0.7919398380254531 0.008244738555001085 0.020439645198611647
58 0.18008244738555002 0.7634014654839953 0.008244738555001085 0.020439645198611647
59 0.16532870470817965 0.8121866563825685 0.008244738555001085 0.02082529888160432
62 0.10794098502929052 0.29676050906286155 0.008027771750922109 0.020439645198611647
65 0.4612714254719028 0.5576552256074045 0.008244738555001085 0.02082529888160432
67 0.5145367758732914 0.5748168145005785 0.00846170535908006 0.021210952564596992
68 0.38001735734432635 0.7529888160431932 0.00846170535908006 0.020439645198611647
71 0.43274029073551745 0.5792518318549942 0.00846170535908006 0.02082529888160432
74 0.4082230418745932 0.6745082915541843 0.00846170535908006 0.02082529888160432
77 0.45530483835973096 0.5823370613189356 0.00846170535908006 0.02082529888160432
88 0.1387502712085051 0.8688777477824913 0.00846170535908006 0.02082529888160432
96 0.4917552614449989 0.5557269571924411 0.00846170535908006 0.02082529888160432
98 0.18507268387936646 0.7429618202853837 0.008244738555001085 0.020439645198611647
99 0.4246040355825559 0.5715387581951408 0.008244738555001085 0.02082529888160432
106 0.11575178997613365 0.29290397223293485 0.008027771750922109 0.020439645198611647
108 0.1882187025385116 0.7634014654839953 0.008027771750922109 0.020439645198611647
109 0.44912128444348015 0.3987659082144234 0.008244738555001085 0.02082529888160432
111 0.441310479496637 0.4076359429232549 0.008244738555001085 0.02082529888160432
112 0.40019527012367107 0.6787504820671038 0.00846170535908006 0.02082529888160432
114 0.21273595139943588 0.6534901658310837 0.008027771750922109 0.020439645198611647
115 0.19483619006292038 0.7186656382568454 0.008244738555001085 0.020439645198611647
120 0.4163592970275548 0.5557269571924411 0.008244738555001085 0.02082529888160432
122 0.18659145150791928 0.783841110682607 0.008244738555001085 0.020439645198611647
125 0.18604903449772184 0.9388738912456613 0.00846170535908006 0.020439645198611647
126 0.4332827077457149 0.4037794060933282 0.008244738555001085 0.02082529888160432
127 0.4549793881536125 0.3783262630158118 0.008244738555001085 0.02082529888160432
128 0.17335647645910177 0.8081372927111454 0.008244738555001085 0.020439645198611647
130 0.4083315252766327 0.5518704203625144 0.008244738555001085 0.02082529888160432
132 0.20297244521588198 0.7186656382568454 0.008027771750922109 0.020439645198611647
135 0.20134519418528965 0.6982259930582337 0.008244738555001085 0.020439645198611647
136 0.18941201996094598 0.914577709217123 0.008244738555001085 0.020439645198611647
139 0.20785419830765892 0.6739298110296953 0.008244738555001085 0.020439645198611647
140 0.12356259492297679 0.29309679907443115 0.008027771750922109 0.02082529888160432
142 0.220763723150358 0.6453914384882375 0.008027771750922109 0.020439645198611647
146 0.20199609459752657 0.4043578866178172 0.007810804946843133 0.020439645198611647
147 0.09600781080494684 0.239105283455457 0.008027771750922109 0.02082529888160432
150 0.37980039054024733 0.7325491708445816 0.00846170535908006 0.020439645198611647
151 0.3720980689954437 0.7776706517547243 0.008244738555001085 0.020439645198611647
154 0.19950097635061836 0.8042807558812186 0.008027771750922109 0.020439645198611647
156 0.40475157300932957 0.6540686463555727 0.00846170535908006 0.02082529888160432
159 0.45302668691690173 0.35788661781720016 0.008244738555001085 0.02082529888160432
160 0.39227598177478845 0.6872348630929426 0.008244738555001085 0.02082529888160432
163 0.4000867867216316 0.544157346702661 0.008244738555001085 0.02082529888160432
166 0.18594055109568236 0.9593135364442731 0.008244738555001085 0.020439645198611647
167 0.3676502495118247 0.8187427689934439 0.00846170535908006 0.02082529888160432
169 0.1313733998698199 0.3013883532587736 0.008027771750922109 0.020439645198611647
170 0.4107181601215014 0.6131893559583494 0.008244738555001085 0.02082529888160432
171 0.11596875678021262 0.27246432703432316 0.008027771750922109 0.020439645198611647
173 0.1926665220221306 0.8941380640185114 0.008244738555001085 0.020439645198611647
174 0.2288999783033196 0.6372927111453914 0.008244738555001085 0.020439645198611647
179 0.4532436537209807 0.5580408792903973 0.008244738555001085 0.02082529888160432
180 0.41657626383163376 0.5761666023910529 0.008244738555001085 0.02082529888160432
181 0.4528097201128227 0.3374469726185885 0.008244738555001085 0.02082529888160432
183 0.2061184638750271 0.7842267643655997 0.008244738555001085 0.020439645198611647
184 0.010414406595790845 0.3008098727342846 0.008244738555001085 0.02082529888160432
186 0.4408765458884791 0.38719629772464326 0.008244738555001085 0.02082529888160432
187 0.4252549359947928 0.39182414192055537 0.008244738555001085 0.02082529888160432
192 0.2159904534606205 0.6739298110296953 0.008027771750922109 0.020439645198611647
193 0.040681275764807984 0.2738141149247975 0.008027771750922109 0.02082529888160432
194 0.2099153829464092 0.4047435403008099 0.008027771750922109 0.020439645198611647
195 0.3820785419830766 0.7936752795989201 0.008244738555001085 0.02082529888160432
196 0.3920590149707095 0.5403008098727343 0.008244738555001085 0.02082529888160432
197 0.3825124755912345 0.5366370998843039 0.008244738555001085 0.020439645198611647
199 0.4858971577348666 0.588893173929811 0.00846170535908006 0.02082529888160432
202 0.20948144933825125 0.6943694562283069 0.008027771750922109 0.020439645198611647
203 0.40854849208071164 0.5723100655611261 0.008244738555001085 0.02082529888160432
204 0.43295725753959646 0.38333976089471655 0.008027771750922109 0.02082529888160432
207 0.12909524842699066 0.1991901272657154 0.007810804946843133 0.020439645198611647
209 0.4045346062052506 0.6336290011569611 0.00846170535908006 0.02082529888160432
210 0.11965719244955522 0.20304666409564212 0.008027771750922109 0.020439645198611647
213 0.39672380125840745 0.6585036637099885 0.00846170535908006 0.020439645198611647
214 0.1963549576914732 0.7595449286540686 0.008244738555001085 0.020439645198611647
216 0.38424821002386633 0.6957192441187814 0.008244738555001085 0.02082529888160432
217 0.13940117162074203 0.30158118010026996 0.008027771750922109 0.02082529888160432
218 0.4005207203297895 0.5645969919012727 0.008244738555001085 0.02082529888160432
219 0.018442178346712954 0.28885460856151174 0.008244738555001085 0.02082529888160432
223 0.44456498155782165 0.32163517161588895 0.008244738555001085 0.02082529888160432
224 0.12377956172705576 0.2726571538758195 0.008027771750922109 0.02082529888160432
225 0.34118029941418965 0.7786347859622059 0.00846170535908006 0.02082529888160432
227 0.2946409199392493 0.9303895102198226 0.008244738555001085 0.020439645198611647
229 0.5141028422651335 0.5543771693019668 0.00846170535908006 0.021210952564596992
230 0.4026903883705793 0.6133821827998457 0.008244738555001085 0.020439645198611647
235 0.2288999783033196 0.6577323563440031 0.008244738555001085 0.020439645198611647
237 0.19939249294857886 0.8736984188198997 0.008244738555001085 0.020439645198611647
238 0.21100021696680407 0.7148091014269187 0.008027771750922109 0.020439645198611647
241 0.08798003905402474 0.25530273814114923 0.008027771750922109 0.02082529888160432
242 0.3744847038403124 0.5449286540686463 0.008244738555001085 0.02082529888160432
243 0.1909307875894988 0.38006170458927885 0.007810804946843133 0.020439645198611647
245 0.4449989151659796 0.3420748168145006 0.008244738555001085 0.02082529888160432
246 0.23692775005424171 0.6411492479753181 0.008244738555001085 0.020439645198611647
247 0.047190279887177264 0.2537601234091786 0.008027771750922109 0.02082529888160432
248 0.1875678021262747 0.9797531816428847 0.00846170535908006 0.020439645198611647
250 0.432631807333478 0.3629001156961049 0.008244738555001085 0.02082529888160432
252 0.2126274679973964 0.763787119166988 0.008244738555001085 0.020439645198611647
253 0.1369060533738338 0.19533359043578866 0.007810804946843133 0.020439645198611647
254 0.45454545454545453 0.9417662938681064 0.008678672163159037 0.02082529888160432
255 0.15361249728791496 0.8569224836097185 0.008244738555001085 0.02082529888160432
256 0.19885007593838142 0.38391824141920555 0.008027771750922109 0.020439645198611647
257 0.3763289216749837 0.7123023524874662 0.00846170535908006 0.02082529888160432
259 0.3718811021913647 0.757423833397609 0.008244738555001085 0.02082529888160432
262 0.4408765458884791 0.5831083686849209 0.008244738555001085 0.02082529888160432
263 0.24311130397049252 0.412842267643656 0.008027771750922109 0.020439645198611647
265 0.38424821002386633 0.5568839182414193 0.008244738555001085 0.02082529888160432
266 0.39227598177478845 0.560740455071346 0.008244738555001085 0.02082529888160432
267 0.21783467129529183 0.4005013497878905 0.007810804946843133 0.020439645198611647
269 0.21750922108917337 0.6943694562283069 0.008027771750922109 0.020439645198611647
273 0.05521805163809937 0.2418048592364057 0.008027771750922109 0.02082529888160432
274 0.30744196137990887 0.5713459313536444 0.008244738555001085 0.020439645198611647
275 0.29615968756780214 0.909949865021211 0.008244738555001085 0.020439645198611647
276 0.4476025168149273 0.21924411878133437 0.008244738555001085 0.020439645198611647
277 0.19429377305272294 0.9350173544157346 0.00846170535908006 0.020439645198611647
278 0.1315903666738989 0.280948708060162 0.008027771750922109 0.020439645198611647
279 0.03276198741592536 0.27342846124180487 0.008244738555001085 0.02082529888160432
281 0.28986765024951183 0.9510219822599306 0.008244738555001085 0.02082529888160432
282 0.42482100238663484 0.3713844967219437 0.008244738555001085 0.02082529888160432
283 0.17107832501627251 0.9712688006170459 0.00846170535908006 0.020439645198611647
285 0.437079626817097 0.34246047049749323 0.008027771750922109 0.02082529888160432
290 0.46354957691473203 0.5942923254917084 0.00846170535908006 0.02082529888160432
292 0.14721197656758517 0.30582337061318937 0.008027771750922109 0.02082529888160432
294 0.20134519418528965 0.739105283455457 0.008244738555001085 0.020439645198611647
295 0.07995226730310262 0.2630158118010027 0.008027771750922109 0.02082529888160432
296 0.24983727489694077 0.6249517932896259 0.008027771750922109 0.020439645198611647
299 0.2043827294423953 0.8532587736212881 0.008244738555001085 0.020439645198611647
300 0.38880451290952484 0.6669880447358272 0.008244738555001085 0.020439645198611647
304 0.3965068344543285 0.6380640185113767 0.00846170535908006 0.020439645198611647
305 0.3475808201345194 0.7580023139220979 0.008244738555001085 0.020439645198611647
307 0.063137339986982 0.23389895873505592 0.008244738555001085 0.020439645198611647
308 0.10381861575178998 0.23524874662553028 0.008027771750922109 0.02082529888160432
309 0.19765675851594705 0.914577709217123 0.008244738555001085 0.020439645198611647
316 0.5113907572141463 0.6097184728114153 0.01692341071816012 0.04165059776320864
317 0.4944673464959861 0.5740455071345931 0.01692341071816012 0.04203625144620131
318 0.5105228899978304 0.5688391824141921 0.01692341071816012 0.04165059776320864
323 0.15784334996745497 0.8181642884689548 0.016706443914081145 0.041264944080215964
328 0.18246908223041874 0.7695719244118782 0.01648947711000217 0.041264944080215964
329 0.37763072249945756 0.767258002313922 0.016706443914081145 0.041264944080215964
332 0.4685398134085485 0.5591978403393753 0.016706443914081145 0.04165059776320864
336 0.14460837491863746 0.8548013883532588 0.016706443914081145 0.041264944080215964
340 0.4025819049685398 0.6685306594677979 0.016706443914081145 0.041264944080215964
341 0.11672814059448905 0.2867335133050521 0.016055543501844217 0.041264944080215964
343 0.4173356476459102 0.5657539529502507 0.016706443914081145 0.04165059776320864
344 0.43718811021913645 0.3976089471654454 0.01648947711000217 0.04165059776320864
345 0.20210457799956608 0.7126880061704589 0.016272510305923193 0.040879290397223295
348 0.21674983727489694 0.6594677979174701 0.016055543501844217 0.040879290397223295
350 0.40117162074202645 0.5541843424604705 0.01648947711000217 0.04165059776320864
353 0.1901714037752224 0.936945622830698 0.016706443914081145 0.041264944080215964
355 0.450423085267954 0.3397608947165445 0.01648947711000217 0.04165059776320864
356 0.13234975048817532 0.29136135750096415 0.016055543501844217 0.041264944080215964
357 0.2043827294423953 0.3943308908600077 0.016055543501844217 0.041264944080215964
360 0.38489911043610325 0.5466640956421134 0.01648947711000217 0.041264944080215964
362 0.23291386417878066 0.6475125337446973 0.016272510305923193 0.040879290397223295
363 0.40507702321544803 0.6153104512148091 0.01648947711000217 0.041264944080215964
365 0.3865263614666956 0.6854994215194755 0.016706443914081145 0.041264944080215964
367 0.4528097201128227 0.3883532587736213 0.01648947711000217 0.04165059776320864
368 0.10067259709264482 0.306787504820671 0.016055543501844217 0.041264944080215964
369 0.19527012367107832 0.8962591592749711 0.01648947711000217 0.040879290397223295
371 0.4333911911477544 0.35672965676822216 0.016272510305923193 0.04165059776320864
372 0.040030375352571056 0.26340146548399535 0.016272510305923193 0.04165059776320864
374 0.17422434367541767 0.8102583879676051 0.01648947711000217 0.040879290397223295
378 0.09676719461922326 0.2412263787119167 0.016055543501844217 0.041264944080215964
379 0.0144282924712519 0.29078287697647515 0.016272510305923193 0.04165059776320864
382 0.29214580169234106 0.9284612418048592 0.016706443914081145 0.041264944080215964
385 0.4334996745497939 0.5773235634400309 0.01648947711000217 0.04165059776320864
386 0.3773052722933391 0.7265715387581951 0.01648947711000217 0.04165059776320864
387 0.20199609459752657 0.7940609332819129 0.01648947711000217 0.040879290397223295
390 0.49869819917552616 0.5798303123794832 0.025385116077240182 0.06286155032780563
400 0.18496420047732698 0.7757423833397609 0.024517248860924278 0.06131893559583494
403 0.15697548275113907 0.8283841110682607 0.02495118246908223 0.06170458927882761
405 0.4441310479496637 0.38295410721172385 0.024734215665003254 0.062475896644812956
406 0.39845953569103926 0.6585036637099885 0.02495118246908223 0.06209024296182029
408 0.21913647211976567 0.6658310836868492 0.024300282056845302 0.06131893559583494
410 0.4647428943371664 0.5696104897801774 0.025168149273161206 0.062475896644812956
411 0.40854849208071164 0.568260701889703 0.024734215665003254 0.06209024296182029
412 0.12215231069646344 0.2807558812186656 0.02386634844868735 0.06170458927882761
415 0.19429377305272294 0.9307751639028152 0.02495118246908223 0.06131893559583494
417 0.373508353221957 0.7531816428846896 0.02495118246908223 0.06170458927882761
418 0.38424821002386633 0.5528345545699962 0.024734215665003254 0.06209024296182029
419 0.19971794315469732 0.7146162745854223 0.024517248860924278 0.06170458927882761
420 0.20676936428726406 0.3841110682607019 0.02386634844868735 0.06170458927882761
423 0.03612497287914949 0.2572310065561126 0.024517248860924278 0.062475896644812956
424 0.3745931872423519 0.6920555341303509 0.02495118246908223 0.06209024296182029
427 0.5028205684530267 0.5856151176243733 0.03362985463224127 0.08368684920940996
434 0.441527446300716 0.37273428461241803 0.03297895422000434 0.0829155418434246
436 0.18886960295074853 0.7736212880833012 0.03276198741592536 0.08175858079444659
437 0.3958559340420916 0.6482838411106826 0.033195921024083315 0.08252988816043193
440 0.2216315903666739 0.6677593521018126 0.03232805380776741 0.08137292711145391
442 0.15610761553482316 0.8386039336675665 0.033195921024083315 0.08214423447743927
443 0.4045346062052506 0.5663324334747397 0.033195921024083315 0.0829155418434246
444 0.47049251464525926 0.5753952950250675 0.03362985463224127 0.08330119552641728
445 0.12302017791277935 0.2705360586193598 0.032111087003688435 0.08214423447743927
450 0.4990236493816446 0.5960277670651755 0.04209155999132133 0.10451214809101426
453 0.43914081145584727 0.3667566525260316 0.04122369277500543 0.1041264944080216
456 0.19299197222824907 0.7634014654839953 0.04100672597092645 0.10219822599305824
457 0.400846170535908 0.5848438102583879 0.0414406595790844 0.10374084072502893
460 0.36526361466695595 0.7369841881989972 0.0414406595790844 0.10335518704203625
461 0.11911477543935778 0.26012340917855764 0.03992189195053157 0.10296953335904357
467 0.49500976350618353 0.5944851523332048 0.05055326535040139 0.1253374469726186
468 0.19700585810371013 0.7533744697261859 0.049034497721848556 0.12302352487466256
470 0.40019527012367107 0.5950636328576938 0.049685398134085484 0.12418048592364057
471 0.4351269255803862 0.35672965676822216 0.04925146452592753 0.12495179328962591
478 0.3947711000216967 0.613575009641342 0.05793013668908657 0.1450057848052449
479 0.49077891082664354 0.5802159660624759 0.05901497070948145 0.1461627458542229
480 0.20112822738121067 0.7431546471268801 0.057279236276849645 0.1434631700732742
484 0.3907572141462356 0.6156961048978018 0.06639184204816663 0.16544543000385653
487 0.18051638099370795 0.8347473968376398 0.06595790844000868 0.16390281527188585
491 0.3837057930136689 0.6222522175086772 0.07441961379908874 0.18627072888546087
492 0.17964851377739205 0.8449672194369456 0.07420264699500977 0.1843424604704975
496 0.180299414189629 0.8509448515233321 0.08244738555001085 0.20478210566910915
