0 0.6501410284226513 0.7169301966833783 0.009329572575395965 0.02082529888160432
1 0.6479713603818615 0.6964905514847667 0.009329572575395965 0.02082529888160432
2 0.6366890865697549 0.758580794446587 0.009329572575395965 0.02082529888160432
3 0.6494901280104144 0.676050906286155 0.009329572575395965 0.02082529888160432
4 0.639184204816663 0.7011183956806788 0.009112605771316989 0.02082529888160432
5 0.6505749620308093 0.73736984188199 0.009329572575395965 0.02082529888160432
6 0.6308309828596225 0.738526802930968 0.009329572575395965 0.02082529888160432
7 0.6519852462573227 0.8148862321635172 0.00954653937947494 0.02082529888160432
9 0.6431980906921241 0.823370613189356 0.009329572575395965 0.02082529888160432
15 0.6412453894554133 0.7215580408792904 0.009329572575395965 0.02082529888160432
17 0.6015404643089607 0.8091014269186271 0.009329572575395965 0.02082529888160432
20 0.595139943588631 0.630158118010027 0.009112605771316989 0.02082529888160432
22 0.6455847255369929 0.7580023139220979 0.009329572575395965 0.021210952564596992
24 0.6017574311130397 0.8295410721172387 0.009329572575395965 0.02082529888160432
25 0.5697548275113907 0.5904357886617817 0.009112605771316989 0.02082529888160432
30 0.5774571490561944 0.7612803702275357 0.009329572575395965 0.02082529888160432
31 0.473096116294207 0.5 0.008895638967238013 0.020439645198611647
32 0.6548058147103493 0.9695333590435788 0.00954653937947494 0.02082529888160432
34 0.6275764807984379 0.7589664481295796 0.009329572575395965 0.02082529888160432
35 0.6516597960512042 0.7944465869649056 0.009329572575395965 0.02082529888160432
37 0.5913430245172488 0.736212880833012 0.009329572575395965 0.02082529888160432
38 0.6228032111087004 0.6818357115310452 0.009329572575395965 0.02082529888160432
39 0.5865697548275114 0.7774778249132279 0.009329572575395965 0.02082529888160432
43 0.6130397049251465 0.6374855379868878 0.009329572575395965 0.02082529888160432
44 0.5395964417444131 0.6039336675665252 0.009112605771316989 0.02082529888160432
45 0.5735517465827729 0.7412263787119167 0.009329572575395965 0.02082529888160432
46 0.6405944890431764 0.680678750482067 0.009329572575395965 0.02082529888160432
47 0.6340854849208071 0.8237562668723486 0.009329572575395965 0.02082529888160432
49 0.6153178563679756 0.8862321635171616 0.00954653937947494 0.02082529888160432
50 0.6021913647211976 0.8499807173158503 0.009329572575395965 0.02082529888160432
51 0.6147754393577782 0.8576937909757039 0.009329572575395965 0.02082529888160432
52 0.5976350618355392 0.7890474354030081 0.009329572575395965 0.02082529888160432
53 0.4802560208288132 0.5202468183571153 0.008895638967238013 0.02082529888160432
57 0.6108700368843567 0.8333976089471654 0.009329572575395965 0.02082529888160432
60 0.6269255803862009 0.7180871577323563 0.009329572575395965 0.02082529888160432
62 0.5659579084400087 0.7088314693405322 0.009329572575395965 0.02082529888160432
64 0.5746365806031677 0.6880061704589279 0.009329572575395965 0.02082529888160432
68 0.5956823605988284 0.9032009255688391 0.009329572575395965 0.02082529888160432
69 0.5839661531785637 0.716158889317393 0.009329572575395965 0.02082529888160432
71 0.5017357344326318 0.544157346702661 0.008895638967238013 0.02082529888160432
74 0.5825558689520504 0.7408407250289241 0.009112605771316989 0.02082529888160432
75 0.5581471034931655 0.6561897416120324 0.009329572575395965 0.020439645198611647
76 0.630939466261662 0.9544928654068646 0.00954653937947494 0.02082529888160432
80 0.5782165328704708 0.5657539529502507 0.009112605771316989 0.02082529888160432
81 0.617379041006726 0.9062861550327805 0.009329572575395965 0.02082529888160432
82 0.640052072032979 0.9583494022367913 0.00954653937947494 0.02082529888160432
84 0.5608591885441527 0.5989201696876205 0.009112605771316989 0.02082529888160432
85 0.5834237361683663 0.679521789433089 0.009112605771316989 0.02082529888160432
86 0.5646561076155349 0.7456613960663324 0.009329572575395965 0.020439645198611647
89 0.6397266218268605 0.7377554955649827 0.009329572575395965 0.02082529888160432
90 0.5107398568019093 0.5561126108754338 0.009112605771316989 0.02082529888160432
91 0.4891516597960512 0.524103355187042 0.008895638967238013 0.02082529888160432
92 0.6060967671946192 0.870420362514462 0.009329572575395965 0.02082529888160432
94 0.522022130614016 0.6128037022753567 0.009112605771316989 0.02082529888160432
96 0.5930787589498807 0.8465098341689163 0.009329572575395965 0.02082529888160432
97 0.6523106964634411 0.8351330505206325 0.009329572575395965 0.021210952564596992
