0 0.6248643957474507 0.5520632472040108 0.00954653937947494 0.020439645198611647
1 0.5275547841180299 0.7325491708445816 0.009329572575395965 0.020439645198611647
2 0.6916901714037752 0.6561897416120324 0.00954653937947494 0.020439645198611647
3 0.690062920373183 0.676629386810644 0.009763506183553917 0.020439645198611647
4 0.5257105662833587 0.7529888160431932 0.00954653937947494 0.020439645198611647
5 0.7310696463441093 0.17392981102969535 0.009329572575395965 0.02082529888160432
6 0.6806248643957474 0.6891631315079059 0.00954653937947494 0.02082529888160432
7 0.7496203080928618 0.17701504049363673 0.00954653937947494 0.02082529888160432
8 0.6137990887394229 0.5725028924026224 0.00954653937947494 0.020439645198611647
9 0.5181167281405945 0.7325491708445816 0.00954653937947494 0.020439645198611647
10 0.6901714037752223 0.6970690320092557 0.00954653937947494 0.020439645198611647
11 0.5161640269038837 0.7529888160431932 0.00954653937947494 0.020439645198611647
12 0.7402907355174658 0.17740069417662938 0.00954653937947494 0.02082529888160432
13 0.6808418311998264 0.7096027767065175 0.00954653937947494 0.02082529888160432
14 0.7308526795400304 0.15349016583108369 0.009329572575395965 0.02082529888160432
15 0.5067259709264482 0.7529888160431932 0.009329572575395965 0.020439645198611647
16 0.6229116945107399 0.5316236020053992 0.00954653937947494 0.020439645198611647
17 0.6997179431546974 0.7049749325106055 0.00954653937947494 0.02082529888160432
18 0.6903883705793014 0.717315850366371 0.00954653937947494 0.02082529888160432
19 0.752983293556086 0.15657539529502507 0.009329572575395965 0.02082529888160432
20 0.6934259058364071 0.6357500964134207 0.00954653937947494 0.020439645198611647
21 0.5124755912345411 0.7734284612418049 0.00954653937947494 0.020439645198611647
22 0.32208722065523976 0.8198997300424219 0.009763506183553917 0.02082529888160432
23 0.7400737687133868 0.15715387581951407 0.00954653937947494 0.020439645198611647
24 0.32013451941852894 0.8401465483995372 0.009763506183553917 0.020439645198611647
25 0.5029290518550662 0.7734284612418049 0.00954653937947494 0.020439645198611647
26 0.29518333694944676 0.8517161588893174 0.009763506183553917 0.020439645198611647
27 0.4612714254719028 0.7163517161588893 0.00954653937947494 0.020439645198611647
28 0.3126491646778043 0.8197069032009255 0.00954653937947494 0.020439645198611647
29 0.7093729659362118 0.716737369841882 0.009763506183553917 0.020439645198611647
30 0.8074419613799089 0.6922483609718473 0.009763506183553917 0.02082529888160432
31 0.2856367975699718 0.8596220593906672 0.009763506183553917 0.02082529888160432
32 0.3223041874593187 0.7994600848438103 0.009763506183553917 0.02082529888160432
33 0.310587980039054 0.8399537215580409 0.009763506183553917 0.02082529888160432
34 0.4269906704274246 0.7849980717315851 0.00954653937947494 0.020439645198611647
35 0.6999349099587763 0.7252217508677208 0.00954653937947494 0.020439645198611647
36 0.3295725753959644 0.8405322020825299 0.00954653937947494 0.020439645198611647
37 0.78390106313734 0.12649440802159662 0.00954653937947494 0.02082529888160432
38 0.3032111087003688 0.8112225221750867 0.009763506183553917 0.020439645198611647
39 0.31991755261445 0.8605861935981488 0.009763506183553917 0.020439645198611647
40 0.7324799305706227 0.13305052063247205 0.00954653937947494 0.02082529888160432
41 0.4308960729008462 0.764944080215966 0.00954653937947494 0.020439645198611647
42 0.4707094814493383 0.7202082529888161 0.009329572575395965 0.020439645198611647
43 0.6995009763506184 0.6764365599691478 0.00954653937947494 0.02082529888160432
44 0.4308960729008462 0.7364057076745083 0.00954653937947494 0.020439645198611647
45 0.3127576480798438 0.7992672580023139 0.009763506183553917 0.020439645198611647
46 0.7814059448904318 0.7261858850752024 0.009763506183553917 0.02082529888160432
47 0.41744413104794964 0.7849980717315851 0.00954653937947494 0.020439645198611647
48 0.4421783467129529 0.7364057076745083 0.00954653937947494 0.020439645198611647
49 0.765892818398785 0.6941766293868107 0.00954653937947494 0.02082529888160432
50 0.44022564547624216 0.7730428075588122 0.00954653937947494 0.020439645198611647
51 0.7728357561293122 0.13112225221750867 0.00954653937947494 0.02082529888160432
52 0.793013668908657 0.12225221750867721 0.00954653937947494 0.02082529888160432
53 0.7619874159253635 0.13999228692634014 0.00954653937947494 0.02082529888160432
54 0.45172488609242784 0.7325491708445816 0.00954653937947494 0.020439645198611647
55 0.19027988717726188 0.8476667952178943 0.009980472987632893 0.02082529888160432
56 0.7218485571707529 0.17007327419976861 0.00954653937947494 0.02082529888160432
57 0.45172488609242784 0.7610875433860393 0.00954653937947494 0.020439645198611647
58 0.7909524842699067 0.7258002313922098 0.009763506183553917 0.02082529888160432
59 0.5085701887611196 0.7325491708445816 0.00954653937947494 0.020439645198611647
60 0.4801475374267737 0.7284998071731585 0.00954653937947494 0.020053991515618975
61 0.28585376437405075 0.8391824141920555 0.009763506183553917 0.02082529888160432
62 0.49338251247559123 0.7772849980717316 0.00954653937947494 0.020439645198611647
63 0.44977218485571707 0.7811415349016583 0.00954653937947494 0.020439645198611647
64 0.7720763723150358 0.7265715387581951 0.009763506183553917 0.02082529888160432
65 0.4363202430028206 0.7934824527574238 0.00954653937947494 0.020439645198611647
66 0.31037101323497507 0.8603933667566526 0.009763506183553917 0.02082529888160432
67 0.42156650032545023 0.7240647898187428 0.00954653937947494 0.020439645198611647
68 0.8020177912779345 0.11338218279984574 0.009329572575395965 0.02082529888160432
69 0.4612714254719028 0.7364057076745083 0.00954653937947494 0.020439645198611647
70 0.8004990236493816 0.7254145777092171 0.009763506183553917 0.02082529888160432
71 0.23725320026036018 0.9149633629001157 0.009763506183553917 0.020439645198611647
72 0.23031026252983294 0.8495950636328576 0.009763506183553917 0.02082529888160432
73 0.4707094814493383 0.7406478981874277 0.009329572575395965 0.020439645198611647
74 0.8015838576697766 0.19899730042421906 0.009763506183553917 0.02082529888160432
75 0.7356259492297679 0.6953335904357887 0.009763506183553917 0.02082529888160432
76 0.2954003037535257 0.8314693405322021 0.009763506183553917 0.02082529888160432
77 0.4363202430028206 0.8505591978403394 0.00954653937947494 0.020439645198611647
78 0.4612714254719028 0.7610875433860393 0.00954653937947494 0.020439645198611647
79 0.8269689737470167 0.7238719629772464 0.009763506183553917 0.02082529888160432
80 0.6705359080060751 0.20439645198611647 0.009329572575395965 0.02082529888160432
81 0.3318507268387937 0.799845738526803 0.009763506183553917 0.02082529888160432
82 0.811021913647212 0.10489780177400694 0.00954653937947494 0.02082529888160432
83 0.6017574311130397 0.43443887389124564 0.009329572575395965 0.020439645198611647
84 0.6063137339986981 0.5848438102583879 0.009329572575395965 0.020439645198611647
85 0.7625298329355609 0.7311993829541072 0.009763506183553917 0.02082529888160432
86 0.8176394011716207 0.7284998071731585 0.009763506183553917 0.02082529888160432
87 0.4992406161857236 0.8343617431546472 0.00954653937947494 0.020439645198611647
88 0.5369928400954654 0.7325491708445816 0.00954653937947494 0.020439645198611647
89 0.6633760034714689 0.22502892402622446 0.009329572575395965 0.020439645198611647
90 0.7417010197439792 0.13671423062090243 0.009329572575395965 0.020439645198611647
91 0.2398568019093079 0.849787890474354 0.009763506183553917 0.020439645198611647
92 0.45172488609242784 0.7078673351330506 0.00954653937947494 0.020439645198611647
93 0.4458667823822955 0.8015811801002699 0.00954653937947494 0.020439645198611647
94 0.7149056194402257 0.21114539143848823 0.00954653937947494 0.020439645198611647
95 0.7321544803645043 0.11261087543386039 0.009329572575395965 0.02082529888160432
96 0.6759600781080495 0.1839568067875048 0.009329572575395965 0.02082529888160432
97 0.6692341071816013 0.26166602391052834 0.009329572575395965 0.020439645198611647
98 0.5943805597743546 0.45873505591978403 0.009329572575395965 0.020439645198611647
99 0.7532002603601649 0.7396837639799461 0.009763506183553917 0.02082529888160432
100 0.48405293990019527 0.6959120709602776 0.00954653937947494 0.020439645198611647
101 0.6488392275981775 0.25800231392209794 0.009329572575395965 0.02082529888160432
102 0.7526578433499674 0.13613575009641343 0.00954653937947494 0.02082529888160432
103 0.7413755695378607 0.11646741226378712 0.00954653937947494 0.02082529888160432
104 0.7722933391191148 0.7470111839568068 0.009763506183553917 0.02082529888160432
105 0.19060533738338034 0.8272271500192827 0.009763506183553917 0.02082529888160432
106 0.8169885007593838 0.696104897801774 0.009763506183553917 0.02082529888160432
107 0.7409416359297027 0.21827998457385267 0.00954653937947494 0.02082529888160432
108 0.341939683228466 0.979367527959892 0.00954653937947494 0.020439645198611647
109 0.2180516380993708 0.9141920555341303 0.009980472987632893 0.020439645198611647
110 0.820134519418529 0.09622059390667181 0.00954653937947494 0.021210952564596992
111 0.6542633977001518 0.2375626687234863 0.009329572575395965 0.02082529888160432
112 0.495335213712302 0.8548013883532588 0.00954653937947494 0.020439645198611647
113 0.7819483619006292 0.24103355187042036 0.00954653937947494 0.02082529888160432
114 0.5924278585376438 0.43848823756266875 0.009329572575395965 0.02082529888160432
115 0.7096984161423302 0.23177786347859622 0.00954653937947494 0.02082529888160432
116 0.459318724235192 0.781527188584651 0.00954653937947494 0.020439645198611647
117 0.7818398784985897 0.7466255302738141 0.009763506183553917 0.02082529888160432
118 0.8007159904534606 0.7458542229078288 0.009763506183553917 0.02082529888160432
119 0.48969407680624866 0.8343617431546472 0.00954653937947494 0.020439645198611647
120 0.6397266218268605 0.27458542229078287 0.009329572575395965 0.02082529888160432
121 0.5608591885441527 0.4838025453143078 0.00954653937947494 0.020439645198611647
122 0.7912779344760251 0.7462398765908215 0.009980472987632893 0.02082529888160432
123 0.6823605988283793 0.6687234863092942 0.00954653937947494 0.02082529888160432
124 0.15957908440008678 0.6259159274971076 0.009763506183553917 0.02082529888160432
125 0.7188110219136472 0.7165445430003856 0.00954653937947494 0.02082529888160432
126 0.3357561293122152 0.7795989201696876 0.009763506183553917 0.020439645198611647
127 0.7655673681926666 0.673736984188199 0.009763506183553917 0.02082529888160432
128 0.7240182252115427 0.20266101041264944 0.00954653937947494 0.020439645198611647
129 0.6765024951182469 0.24103355187042036 0.00954653937947494 0.02082529888160432
130 0.6613148188327186 0.20478210566910915 0.00954653937947494 0.02082529888160432
131 0.7863961813842482 0.2938681064404165 0.009763506183553917 0.02082529888160432
132 0.6231286613148188 0.5725028924026224 0.00954653937947494 0.020439645198611647
133 0.5776741158602734 0.47531816428846896 0.009329572575395965 0.020439645198611647
134 0.829247125189846 0.7443116081758581 0.009980472987632893 0.02082529888160432
135 0.6324582338902148 0.5478210566910914 0.00954653937947494 0.020439645198611647
136 0.21392926882187024 0.9344388738912457 0.009980472987632893 0.02082529888160432
137 0.18995443697114342 0.868106440416506 0.009763506183553917 0.02082529888160432
138 0.3316337600347147 0.8200925568839182 0.009763506183553917 0.020439645198611647
139 0.7629637665437188 0.7514462013112225 0.009763506183553917 0.020439645198611647
140 0.37036233456281187 0.7232934824527574 0.00954653937947494 0.020439645198611647
141 0.6310479496637015 0.3522946394138064 0.009329572575395965 0.020439645198611647
142 0.20850509871989586 0.9136135750096414 0.009980472987632893 0.02082529888160432
143 0.743870687784769 0.7439259544928654 0.009763506183553917 0.02082529888160432
144 0.8102625298329356 0.7493251060547628 0.009763506183553917 0.02082529888160432
145 0.44022564547624216 0.7526031623602005 0.00954653937947494 0.020439645198611647
146 0.4458667823822955 0.84631700732742 0.00954653937947494 0.020439645198611647
147 0.220763723150358 0.8573081372927112 0.009763506183553917 0.02082529888160432
148 0.6794315469733131 0.16351716158889318 0.009329572575395965 0.02082529888160432
149 0.5521805163809937 0.7445044350173544 0.00954653937947494 0.020439645198611647
150 0.7239097418095032 0.6590821442344774 0.009763506183553917 0.02082529888160432
151 0.4268821870253851 0.8054377169301967 0.009763506183553917 0.020439645198611647
152 0.1693425905836407 0.610104126494408 0.009763506183553917 0.02082529888160432
153 0.798112388804513 0.69263401465484 0.009763506183553917 0.02082529888160432
154 0.540681275764808 0.6874276899344389 0.00954653937947494 0.020439645198611647
155 0.5293990019527013 0.71210952564597 0.00954653937947494 0.020439645198611647
156 0.5978520286396182 0.413999228692634 0.009329572575395965 0.020439645198611647
157 0.4857886743328271 0.8548013883532588 0.00954653937947494 0.020439645198611647
158 0.8198090692124105 0.7489394523717702 0.009763506183553917 0.02082529888160432
159 0.6306140160555435 0.2911685306594678 0.009329572575395965 0.02082529888160432
160 0.47060099804729877 0.8548013883532588 0.00954653937947494 0.020439645198611647
161 0.5832067693642873 0.4548785190898573 0.00954653937947494 0.020439645198611647
162 0.3869602950748535 0.805052063247204 0.009763506183553917 0.020439645198611647
163 0.4972879149490128 0.7570381797146163 0.00954653937947494 0.020053991515618975
164 0.19678889129963115 0.9294253760123409 0.009980472987632893 0.02082529888160432
165 0.3205684530266869 0.779213266486695 0.009763506183553917 0.020439645198611647
166 0.495335213712302 0.7977246432703432 0.00954653937947494 0.020439645198611647
167 0.5364504230852679 0.4757038179714616 0.009329572575395965 0.020439645198611647
168 0.7331308309828596 0.6424990358657925 0.00954653937947494 0.02082529888160432
169 0.41201996094597526 0.7279213266486695 0.00954653937947494 0.020439645198611647
170 0.2760902581904969 0.8551870420362514 0.009763506183553917 0.020439645198611647
171 0.7635061835539162 0.1195526417277285 0.00954653937947494 0.02082529888160432
172 0.4267737036233456 0.8544157346702661 0.00954653937947494 0.020439645198611647
174 0.7261878932523324 0.6957192441187814 0.00954653937947494 0.02082529888160432
175 0.6110870036884357 0.4382954107211724 0.009329572575395965 0.020439645198611647
176 0.5644391408114559 0.4633629001156961 0.009329572575395965 0.020439645198611647
177 0.7449555218051638 0.6910913999228693 0.009763506183553917 0.02082529888160432
178 0.1926665220221306 0.9498650212109525 0.009980472987632893 0.02082529888160432
179 0.5514211325667173 0.4757038179714616 0.009329572575395965 0.020439645198611647
180 0.19971794315469732 0.8561511762437332 0.009763506183553917 0.02082529888160432
181 0.495335213712302 0.8752410335518704 0.00954653937947494 0.020439645198611647
182 0.23204599696246475 0.8700347088314694 0.009763506183553917 0.02082529888160432
183 0.7171837708830548 0.7369841881989972 0.009763506183553917 0.02082529888160432
184 0.6666305055326535 0.18414963362900116 0.009329572575395965 0.020439645198611647
185 0.8109134302451725 0.6718087157732356 0.009763506183553917 0.02082529888160432
186 0.17888912996311565 0.5985345160046278 0.009763506183553917 0.02082529888160432
187 0.7411586027337818 0.09602776706517548 0.00954653937947494 0.02082529888160432
188 0.4610544586678238 0.8548013883532588 0.00954653937947494 0.020439645198611647
189 0.7534172271642439 0.7601234091785577 0.009763506183553917 0.02082529888160432
190 0.3412887828162291 0.8000385653682993 0.00954653937947494 0.020439645198611647
191 0.4308960729008462 0.7159660624758967 0.00954653937947494 0.020439645198611647
192 0.639618138424821 0.2543386039336676 0.00954653937947494 0.020439645198611647
193 0.7328053807767412 0.6220593906671809 0.009763506183553917 0.02082529888160432
194 0.1872423519201562 0.9290397223293483 0.009980472987632893 0.02082529888160432
195 0.16001301800824475 0.6054762822984959 0.009763506183553917 0.02082529888160432
196 0.3583206769364287 0.8125723100655611 0.009763506183553917 0.02082529888160432
197 0.19895855934042092 0.909371384496722 0.009980472987632893 0.02082529888160432
198 0.7565632458233891 0.7026610104126494 0.00954653937947494 0.02082529888160432
199 0.2494033412887828 0.8461241804859236 0.009763506183553917 0.02082529888160432
200 0.734324148405294 0.7485537986887775 0.009763506183553917 0.02082529888160432
201 0.7319375135604252 0.09217123023524874 0.009329572575395965 0.02082529888160432
202 0.18854415274463007 0.586579251831855 0.00954653937947494 0.02082529888160432
203 0.6601215014102843 0.2780563054377169 0.009329572575395965 0.02082529888160432
205 0.39238446517682796 0.48341689163131507 0.009329572575395965 0.020439645198611647
206 0.5219136472119765 0.7732356344003085 0.009329572575395965 0.020053991515618975
207 0.7235842916033847 0.6388353258773621 0.00954653937947494 0.020439645198611647
208 0.631156433065741 0.37254145777092174 0.00954653937947494 0.02082529888160432
209 0.5163809937079626 0.8220208252988817 0.00954653937947494 0.020439645198611647
211 0.4533521371230202 0.8914384882375627 0.009763506183553917 0.020439645198611647
212 0.6773703623345628 0.14307751639028152 0.00954653937947494 0.02082529888160432
213 0.6522022130614016 0.217315850366371 0.00954653937947494 0.020439645198611647
214 0.7975699717943154 0.17894330890860008 0.00954653937947494 0.02082529888160432
215 0.47060099804729877 0.8752410335518704 0.00954653937947494 0.020439645198611647
216 0.6573009329572576 0.8445815657539529 0.009763506183553917 0.02082529888160432
217 0.7743545237578651 0.11068260701889703 0.00954653937947494 0.02082529888160432
218 0.5737687133868518 0.4550713459313536 0.009329572575395965 0.02082529888160432
219 0.4801475374267737 0.8343617431546472 0.00954653937947494 0.020439645198611647
220 0.8080928617921458 0.7288854608561511 0.009763506183553917 0.02082529888160432
221 0.32946409199392496 0.8607790204396452 0.009763506183553917 0.02082529888160432
222 0.47450640052072035 0.6878133436174315 0.00954653937947494 0.020439645198611647
223 0.5615100889563897 0.6916698804473582 0.00954653937947494 0.020439645198611647
224 0.801909307875895 0.2194369456228307 0.00954653937947494 0.02082529888160432
225 0.6215014102842266 0.30755881218665637 0.009329572575395965 0.020439645198611647
226 0.4363202430028206 0.8139220979560354 0.00954653937947494 0.020439645198611647
227 0.7505966587112172 0.11608175858079445 0.009329572575395965 0.02082529888160432
228 0.18311998264265567 0.9494793675279599 0.009980472987632893 0.02082529888160432
229 0.6696680407897592 0.7342846124180485 0.009763506183553917 0.02082529888160432
230 0.7925797353004991 0.10181257231006556 0.00954653937947494 0.02082529888160432
231 0.4594272076372315 0.675472425761666 0.009329572575395965 0.020439645198611647
232 0.3448687350835322 0.8449672194369456 0.009763506183553917 0.02082529888160432
233 0.4018225211542634 0.479367527959892 0.00954653937947494 0.02082529888160432
234 0.5886309394662617 0.4182414192055534 0.00954653937947494 0.020439645198611647
235 0.383054892601432 0.4830312379483224 0.009329572575395965 0.020439645198611647
236 0.5352571056628336 0.7529888160431932 0.00954653937947494 0.020439645198611647
238 0.5784334996745498 0.6465483995372155 0.00954653937947494 0.020439645198611647
239 0.18854415274463007 0.9699190127265715 0.009980472987632893 0.02082529888160432
240 0.6303970492514646 0.27072888546085616 0.009329572575395965 0.02082529888160432
241 0.4078975916684747 0.7807558812186657 0.00954653937947494 0.020439645198611647
242 0.744087654588848 0.7643655996914771 0.009763506183553917 0.02082529888160432
243 0.4857886743328271 0.8752410335518704 0.00954653937947494 0.020439645198611647
244 0.49338251247559123 0.7040107983031237 0.00954653937947494 0.020439645198611647
245 0.7502712085050988 0.0956421133821828 0.00954653937947494 0.02082529888160432
247 0.20427424604035582 0.9462013112225222 0.009763506183553917 0.020439645198611647
248 0.7834671295291821 0.10644041650597763 0.00954653937947494 0.02082529888160432
249 0.1963549576914732 0.5665252603162361 0.00954653937947494 0.02082529888160432
250 0.23812106747667608 0.5399151561897416 0.009763506183553917 0.02082529888160432
251 0.5617270557604687 0.7364057076745083 0.00954653937947494 0.020439645198611647
252 0.5825558689520504 0.7441187813343617 0.00954653937947494 0.020439645198611647
253 0.37361683662399653 0.4830312379483224 0.00954653937947494 0.020439645198611647
254 0.7500542417010198 0.21384496721943694 0.00954653937947494 0.020439645198611647
255 0.1695595573877197 0.5896644812957964 0.009763506183553917 0.02082529888160432
256 0.724994575829898 0.7570381797146163 0.009763506183553917 0.02082529888160432
257 0.36623996528531133 0.7761280370227536 0.00954653937947494 0.020439645198611647
258 0.3008244738555001 0.8600077130736599 0.009763506183553917 0.02082529888160432
259 0.6702104577999566 0.1637099884303895 0.00954653937947494 0.020439645198611647
260 0.8265350401388587 0.691477053605862 0.009763506183553917 0.02082529888160432
261 0.7876979822087221 0.7666795217894331 0.009763506183553917 0.02082529888160432
262 0.7725103059231937 0.7674508291554184 0.009763506183553917 0.02082529888160432
263 0.797244521588197 0.7662938681064404 0.009763506183553917 0.02082529888160432
264 0.6923410718160121 0.3505591978403394 0.00954653937947494 0.02082529888160432
265 0.6430896072900846 0.23370613189355957 0.00954653937947494 0.02082529888160432
266 0.31568669993490994 0.4814886232163517 0.00954653937947494 0.020439645198611647
267 0.5502278151442829 0.6874276899344389 0.00954653937947494 0.020439645198611647
268 0.472879149490128 0.45140763594292327 0.009329572575395965 0.020439645198611647
269 0.594055109568236 0.39355958349402237 0.00954653937947494 0.020439645198611647
270 0.4111520937296594 0.47146162745854225 0.00954653937947494 0.020439645198611647
271 0.4404426122803211 0.7040107983031237 0.00954653937947494 0.020439645198611647
272 0.666738988934693 0.8362900115696105 0.00954653937947494 0.020439645198611647
273 0.5514211325667173 0.45526417277285 0.009329572575395965 0.020439645198611647
274 0.22119765675851594 0.5391438488237563 0.009763506183553917 0.02082529888160432
276 0.5247342156650032 0.738526802930968 0.018876111954870906 0.040879290397223295
277 0.689195053156867 0.6868492094099499 0.019310045563028858 0.04165059776320864
278 0.7337817313950965 0.16756652526031623 0.01909307875894988 0.041264944080215964
279 0.6239965285311347 0.5499421519475511 0.01909307875894988 0.040879290397223295
280 0.5057496203080929 0.7589664481295796 0.01909307875894988 0.040879290397223295
281 0.31926665220221306 0.8220208252988817 0.019310045563028858 0.041264944080215964
282 0.75211542633977 0.16274585422290783 0.018876111954870906 0.04165059776320864
283 0.29236276849642007 0.8495950636328576 0.019310045563028858 0.04165059776320864
284 0.4602950748535474 0.7180871577323563 0.018876111954870906 0.040879290397223295
285 0.6907138207854199 0.646162745854223 0.019310045563028858 0.041264944080215964
286 0.43371664135387283 0.7751639028152719 0.01909307875894988 0.040879290397223295
287 0.45259275330874377 0.7589664481295796 0.01909307875894988 0.040879290397223295
288 0.7332393143848991 0.1268800617045893 0.018876111954870906 0.04165059776320864
289 0.7045996962464743 0.7190512919398381 0.019310045563028858 0.041264944080215964
290 0.7825992623128661 0.7323563440030852 0.019527012367107834 0.04165059776320864
291 0.43371664135387283 0.7342846124180485 0.01909307875894988 0.040879290397223295
292 0.8015838576697766 0.7354415734670267 0.01974397917118681 0.04165059776320864
293 0.8262095899327403 0.7342846124180485 0.019527012367107834 0.04165059776320864
294 0.8084183119982643 0.6860779020439646 0.019527012367107834 0.04165059776320864
295 0.7637231503579952 0.7412263787119167 0.019527012367107834 0.04165059776320864
296 0.30039054024734213 0.8091014269186271 0.019310045563028858 0.04165059776320864
297 0.7845519635495769 0.11646741226378712 0.01909307875894988 0.04165059776320864
298 0.19114775439357778 0.853837254145777 0.019527012367107834 0.04165059776320864
299 0.49251464525927535 0.8405322020825299 0.01909307875894988 0.04049363671423062
300 0.6659796051204165 0.20266101041264944 0.018876111954870906 0.041264944080215964
301 0.5915599913213279 0.4527574238333976 0.018876111954870906 0.040879290397223295
302 0.7663267520069429 0.12148091014269186 0.01909307875894988 0.04165059776320864
303 0.22933391191147753 0.851523332047821 0.019527012367107834 0.04165059776320864
304 0.21316988500759385 0.9201696876205168 0.01974397917118681 0.04165059776320864
305 0.31134736385333045 0.8544157346702661 0.019527012367107834 0.041264944080215964
306 0.6857235842916034 0.7275356729656768 0.019310045563028858 0.041264944080215964
307 0.6497070948144934 0.24392595449286542 0.018876111954870906 0.041264944080215964
308 0.8027771750922109 0.10335518704203625 0.01909307875894988 0.04165059776320864
309 0.5617270557604687 0.4735827227150019 0.01865914515079193 0.040879290397223295
310 0.3385766977652419 0.7896259159274971 0.019310045563028858 0.041264944080215964
311 0.4791711868084183 0.7223293482452757 0.018876111954870906 0.040879290397223295
312 0.19385983944456497 0.9313536444273043 0.01974397917118681 0.04165059776320864
313 0.7648079843783901 0.6881989973004242 0.019527012367107834 0.041264944080215964
314 0.7448470384031243 0.7541457770921712 0.019527012367107834 0.041264944080215964
315 0.47342156650032546 0.8607790204396452 0.01909307875894988 0.040879290397223295
316 0.7302017791277935 0.6365214037794061 0.019310045563028858 0.041264944080215964
317 0.16467780429594273 0.607790204396452 0.019527012367107834 0.04165059776320864
318 0.6747667606856151 0.16139606633243347 0.01865914515079193 0.041264944080215964
319 0.7399652853113473 0.22040107983031237 0.018876111954870906 0.041264944080215964
320 0.5932957257539596 0.41207096027767065 0.018876111954870906 0.041264944080215964
321 0.7123020177912779 0.2215580408792904 0.01909307875894988 0.041264944080215964
322 0.6314818832718594 0.27670651754724257 0.018876111954870906 0.041264944080215964
323 0.612931221523107 0.5910142691862708 0.01909307875894988 0.041264944080215964
324 0.5429594272076372 0.4654839953721558 0.018876111954870906 0.040879290397223295
325 0.6681492731612063 0.2512533744697262 0.018876111954870906 0.041264944080215964
326 0.414623562594923 0.7871191669880447 0.01909307875894988 0.040879290397223295
327 0.43914081145584727 0.8565368299267258 0.01909307875894988 0.040879290397223295
328 0.5550010848340204 0.738526802930968 0.01909307875894988 0.040879290397223295
330 0.1838793664569321 0.584265329733899 0.019310045563028858 0.04165059776320864
331 0.49251464525927535 0.8812186656382568 0.01909307875894988 0.040879290397223295
332 0.8023432414840529 0.18897030466640957 0.01909307875894988 0.04165059776320864
333 0.7259709264482535 0.7589664481295796 0.019527012367107834 0.04165059776320864
334 0.49631156433065743 0.799845738526803 0.018876111954870906 0.040879290397223295
335 0.4469516164026904 0.7994600848438103 0.01909307875894988 0.040879290397223295
336 0.39520503362985465 0.47319706903200925 0.018876111954870906 0.040879290397223295
337 0.6583857669776524 0.8505591978403394 0.019310045563028858 0.041264944080215964
338 0.3195921024083315 0.7811415349016583 0.019527012367107834 0.041264944080215964
339 0.7272727272727273 0.7059390667180871 0.019527012367107834 0.041264944080215964
340 0.7475591234541116 0.09371384496721943 0.018876111954870906 0.04165059776320864
341 0.5567368192666522 0.6934053220208253 0.01909307875894988 0.040879290397223295
342 0.783033195921024 0.7728499807173158 0.019527012367107834 0.04165059776320864
343 0.37654588847906273 0.47686077902043966 0.018876111954870906 0.041264944080215964
344 0.17433282707745715 0.9510219822599306 0.01974397917118681 0.04165059776320864
345 0.7817313950965502 0.28769764751253374 0.01909307875894988 0.04165059776320864
347 0.33814276415708394 0.8386039336675665 0.019310045563028858 0.041264944080215964
348 0.7049251464525927 0.568260701889703 0.01909307875894988 0.041264944080215964
349 0.31850726838793664 0.47531816428846896 0.01909307875894988 0.041264944080215964
350 0.35593404209156 0.47647512533744696 0.018876111954870906 0.041264944080215964
351 0.6703189412019961 0.6997686077902044 0.019310045563028858 0.041264944080215964
352 0.6301800824473855 0.35422290782876975 0.018876111954870906 0.041264944080215964
353 0.477543935777826 0.4454300038565368 0.01865914515079193 0.040879290397223295
354 0.7847689303536559 0.2429618202853837 0.01909307875894988 0.04165059776320864
355 0.6883271859405511 0.6930196683378326 0.0288565849425038 0.06170458927882761
356 0.7401822521154263 0.15715387581951407 0.028422651334345846 0.06209024296182029
357 0.5181167281405945 0.7529888160431932 0.028639618138424822 0.06131893559583494
358 0.31633760034714686 0.8278056305437717 0.029073551746582774 0.06209024296182029
359 0.44022564547624216 0.7568453528731199 0.028639618138424822 0.06131893559583494
360 0.46875678021262746 0.7283069803316622 0.028422651334345846 0.06131893559583494
361 0.621175960078108 0.5561126108754338 0.028639618138424822 0.06170458927882761
362 0.7855283141679323 0.7423833397608948 0.02929051855066175 0.062475896644812956
363 0.28758949880668255 0.847473968376398 0.02929051855066175 0.06209024296182029
364 0.8135170318941202 0.7123023524874662 0.02929051855066175 0.062475896644812956
365 0.6633760034714689 0.2209795603548014 0.028422651334345846 0.06170458927882761
366 0.5868952050336299 0.44677979174701116 0.02820568453026687 0.06131893559583494
367 0.48969407680624866 0.8507520246818358 0.028639618138424822 0.060933281912842266
368 0.7674115860273378 0.1355572695719244 0.028639618138424822 0.06209024296182029
369 0.7573226296376654 0.7556883918241419 0.02929051855066175 0.06209024296182029
370 0.20828813191581688 0.9219051291939838 0.029507485354740726 0.06209024296182029
371 0.7945324365372098 0.10566910913999229 0.028639618138424822 0.062475896644812956
372 0.558906487307442 0.4633629001156961 0.02820568453026687 0.06131893559583494
373 0.7393143848991104 0.09602776706517548 0.028422651334345846 0.062475896644812956
374 0.7255369928400954 0.6345931353644427 0.029073551746582774 0.06209024296182029
375 0.6359297027554784 0.2624373312765137 0.02820568453026687 0.06209024296182029
376 0.6702104577999566 0.15966062475896645 0.02820568453026687 0.06170458927882761
377 0.6858320676936429 0.631893559583494 0.029073551746582774 0.06209024296182029
378 0.7170752874810155 0.7205939066718087 0.029073551746582774 0.06209024296182029
379 0.1695595573877197 0.5939066718087158 0.02929051855066175 0.062475896644812956
380 0.1791060967671946 0.9533359043578866 0.0297244521588197 0.062475896644812956
381 0.5465393794749404 0.7159660624758967 0.028639618138424822 0.06131893559583494
382 0.19223258841397267 0.8476667952178943 0.029507485354740726 0.062475896644812956
384 0.43827294423953134 0.8177786347859622 0.028639618138424822 0.06131893559583494
385 0.7291169451073986 0.7811415349016583 0.02929051855066175 0.06209024296182029
386 0.38685181167281407 0.46683378326263014 0.02820568453026687 0.06131893559583494
387 0.4838359730961163 0.911685306594678 0.028639618138424822 0.060933281912842266
388 0.7409416359297027 0.21827998457385267 0.028639618138424822 0.062475896644812956
389 0.23020177912779344 0.8617431546471269 0.029507485354740726 0.06209024296182029
390 0.6613148188327186 0.8567296567682221 0.029073551746582774 0.06209024296182029
391 0.7022130614016056 0.5701889703046664 0.0288565849425038 0.06209024296182029
392 0.3450857018876112 0.7959892016968763 0.0288565849425038 0.06170458927882761
393 0.7926882187025385 0.2200154261473197 0.0288565849425038 0.06286155032780563
394 0.7564547624213496 0.6945622830698033 0.02929051855066175 0.062475896644812956
395 0.6196571924495552 0.32394909371384495 0.02820568453026687 0.06170458927882761
396 0.3587546105445867 0.47049749325106055 0.028422651334345846 0.06170458927882761
397 0.7409416359297027 0.14693405322020825 0.03775222390974181 0.08330119552641728
398 0.31145584725536996 0.8299267258002314 0.03883705793013669 0.08252988816043193
399 0.6910392709915383 0.6868492094099499 0.038620091126057715 0.08252988816043193
400 0.441310479496637 0.7628229849595064 0.03818615751789976 0.08175858079444659
401 0.5171403775222391 0.7508677207867335 0.03796919071382079 0.08175858079444659
402 0.8127576480798437 0.718472811415349 0.03905402473421567 0.08330119552641728
403 0.775222390974181 0.7529888160431932 0.03905402473421567 0.0829155418434246
404 0.6588197005858104 0.23139220979560354 0.037535257105662835 0.08252988816043193
405 0.5840746365806032 0.4406093328191284 0.03775222390974181 0.08214423447743927
406 0.4829681058798004 0.8690705746239876 0.03818615751789976 0.08137292711145391
407 0.7770666088088523 0.10026995757809487 0.03796919071382079 0.08330119552641728
408 0.4791711868084183 0.7223293482452757 0.03796919071382079 0.08175858079444659
409 0.6222607940985029 0.5663324334747397 0.03818615751789976 0.08214423447743927
410 0.20579301366890865 0.8952950250674894 0.03927099153829464 0.0829155418434246
411 0.7375786504664786 0.7749710759737756 0.03883705793013669 0.0829155418434246
412 0.5467563462790193 0.45314307751639027 0.03775222390974181 0.08175858079444659
413 0.17444131047949663 0.5798303123794832 0.03905402473421567 0.08368684920940996
414 0.7073117812974615 0.6047049749325106 0.038620091126057715 0.08252988816043193
416 0.6655456715122586 0.14963362900115695 0.037535257105662835 0.08252988816043193
417 0.5550010848340204 0.7138449672194369 0.03818615751789976 0.08175858079444659
418 0.6168366239965285 0.31372927111453913 0.03775222390974181 0.08214423447743927
419 0.16858320676936428 0.954685692248361 0.03948795834237362 0.08368684920940996
420 0.7291169451073986 0.22888546085615116 0.03796919071382079 0.0829155418434246
421 0.3497504881753092 0.806209024296182 0.038620091126057715 0.08214423447743927
422 0.7288999783033195 0.6854994215194755 0.03883705793013669 0.0829155418434246
423 0.38598394445649814 0.4568067875048207 0.03775222390974181 0.08214423447743927
424 0.445975265784335 0.7526031623602005 0.047515730093295724 0.10219822599305824
425 0.7453894554133218 0.13652140377940608 0.047515730093295724 0.1041264944080216
426 0.6976567585159471 0.6845352873119939 0.04838359730961163 0.10335518704203625
427 0.3125406812757648 0.8237562668723486 0.04838359730961163 0.10335518704203625
428 0.5143198090692124 0.7446972618588508 0.047515730093295724 0.10181257231006556
429 0.7855283141679323 0.7340917855765523 0.04881753091776958 0.10374084072502893
430 0.6579518333694945 0.22522175086772078 0.04708179648513777 0.10335518704203625
431 0.5774571490561944 0.43868106440416504 0.04708179648513777 0.10219822599305824
432 0.48003905402473424 0.8750482067103741 0.047949663701453676 0.10181257231006556
433 0.20297244521588198 0.8972232934824528 0.04925146452592753 0.10374084072502893
434 0.7907355174658277 0.08947165445430004 0.047515730093295724 0.1041264944080216
435 0.7385550010848341 0.7809487080601619 0.048600564113690604 0.10335518704203625
437 0.6270340637882404 0.5723100655611261 0.0477326968973747 0.10258387967605091
438 0.1793230635712736 0.5699961434631701 0.04881753091776958 0.1041264944080216
439 0.5617270557604687 0.7159660624758967 0.0477326968973747 0.10219822599305824
440 0.61228032111087 0.3118010026995758 0.046864829681058796 0.10296953335904357
441 0.7079626817096984 0.5823370613189356 0.04816663050553265 0.10335518704203625
442 0.7949663701453678 0.2443116081758581 0.0477326968973747 0.10451214809101426
443 0.4468431330006509 0.7547242576166603 0.05706226947277067 0.12263787119166988
444 0.7499457582989802 0.130158118010027 0.05662833586461272 0.12456613960663325
445 0.7024300282056846 0.6864635557269572 0.05793013668908657 0.12418048592364057
446 0.3098285962247776 0.8135364442730428 0.05814710349316555 0.1237948322406479
447 0.7882403992189195 0.7279213266486695 0.0585810371013235 0.12456613960663325
448 0.5096550227815144 0.7753567296567683 0.057279236276849645 0.12225221750867721
449 0.656975482751139 0.21905129193983802 0.05641136906053374 0.12340917855765522
450 0.5747450640052072 0.4325106054762823 0.05641136906053374 0.12302352487466256
451 0.20958993274029072 0.8914384882375627 0.05901497070948145 0.12456613960663325
452 0.4752657843349967 0.8974161203239491 0.05749620308092862 0.12263787119166988
454 0.7996311564330657 0.25028924026224453 0.05749620308092862 0.12495179328962591
455 0.18409633326101107 0.5599691477053605 0.058364070297244525 0.12495179328962591
456 0.5663918420481666 0.7055534130350944 0.05706226947277067 0.12302352487466256
457 0.752983293556086 0.1482838411106826 0.06617487524408766 0.14539143848823757
458 0.7053590800607507 0.6801002699575781 0.06769364287264049 0.14462013112225222
459 0.44966370145367757 0.7445044350173544 0.06660880885224561 0.14307751639028152
460 0.7911694510739857 0.733898958735056 0.06834454328487741 0.14577709217123022
461 0.31644608374918637 0.803316621673737 0.06791060967671946 0.14423447743925955
462 0.518225211542634 0.7651369070574624 0.06660880885224561 0.14269186270728884
463 0.6523106964634411 0.22117238719629773 0.06574094163592971 0.14462013112225222
464 0.5700802777175092 0.4224836097184728 0.06574094163592971 0.14307751639028152
465 0.21045779995660663 0.9014654839953722 0.06899544369711434 0.14539143848823757
466 0.47428943371664134 0.9074431160817585 0.06725970926448253 0.14269186270728884
468 0.18908656975482752 0.5456999614346317 0.06791060967671946 0.14577709217123022
469 0.7957257539596442 0.28924026224450444 0.06704274246040356 0.14577709217123022
470 0.4638750271208505 0.779213266486695 0.07637231503579953 0.1631315079059005
471 0.7613365155131265 0.15406864635557269 0.07593838142764157 0.16621673736984188
472 0.7042742460403558 0.6739298110296953 0.07724018225211543 0.16544543000385653
473 0.7828162291169452 0.7443116081758581 0.07810804946843133 0.16660239105283456
474 0.6497070948144934 0.22329348245275743 0.07528748101540464 0.16505977632086385
475 0.31926665220221306 0.8054377169301967 0.0774571490561944 0.16467412263787118
476 0.5672597092644825 0.412263787119167 0.07528748101540464 0.16351716158889318
477 0.540030375352571 0.7466255302738141 0.07637231503579953 0.16351716158889318
478 0.2055760468648297 0.9072502892402623 0.07875894988066826 0.16621673736984188
479 0.4647428943371664 0.7851908985730813 0.08591885441527446 0.18357115310451214
480 0.7643740507702321 0.16004627844195912 0.0854849208071165 0.18742768993443887
481 0.707203297895422 0.6677593521018126 0.08700368843566934 0.18627072888546087
482 0.7934476025168149 0.7499035865792518 0.08808852245606422 0.1870420362514462
483 0.6450423085267954 0.22541457770921713 0.08461705359080061 0.18549942151947552
484 0.5662833586461271 0.40609332819128424 0.08461705359080061 0.1843424604704975
485 0.32599262312866134 0.7996529116853066 0.08700368843566934 0.18549942151947552
486 0.5505532653504014 0.7321635171615889 0.08570188761119549 0.1839568067875048
487 0.47146886526361464 0.7954107211723872 0.0954653937947494 0.2040107983031238
488 0.7690388370579302 0.16602391052834556 0.09524842699067043 0.20786733513305053
489 0.7214146235625949 0.6693019668337833 0.09676719461922326 0.20709602776706518
490 0.648079843783901 0.2518318549942152 0.09416359297027554 0.20593906671808715
491 0.3268604903449772 0.7975318164288469 0.09655022781514429 0.20593906671808715
492 0.558038620091126 0.3960663324334747 0.09372965936211759 0.20439645198611647
