6 0.5014102842265133 0.8636714230620902 0.008678672163159037 0.020439645198611647
7 0.5390540247342157 0.19803316621673736 0.00846170535908006 0.020439645198611647
12 0.5193100455630288 0.20651754724257618 0.00846170535908006 0.020439645198611647
17 0.6719461922325884 0.12726571538758194 0.008678672163159037 0.02082529888160432
22 0.4964200477326969 0.9207481681450058 0.008678672163159037 0.020439645198611647
25 0.5366673898893469 0.9568067875048206 0.008895638967238013 0.02082529888160432
28 0.5312432197873725 0.9365599691477053 0.008895638967238013 0.020439645198611647
29 0.6373399869819918 0.5819514076359429 0.008895638967238013 0.02082529888160432
30 0.522673031026253 0.9448515233320478 0.008678672163159037 0.02082529888160432
31 0.5052072032978954 0.936945622830698 0.008895638967238013 0.020439645198611647
33 0.7003688435669343 0.8769764751253375 0.009112605771316989 0.02082529888160432
36 0.6948361900629204 0.7587736212880833 0.008895638967238013 0.021210952564596992
40 0.6780212627467997 0.10219822599305824 0.008678672163159037 0.02082529888160432
41 0.4150574962030809 0.9662553027381412 0.008678672163159037 0.020439645198611647
43 0.7096984161423302 0.9130350944851523 0.009112605771316989 0.021210952564596992
45 0.5138858754610545 0.9246047049749325 0.008895638967238013 0.020439645198611647
46 0.48784985897157734 0.9373312765136907 0.008895638967238013 0.020439645198611647
48 0.666738988934693 0.20902429618202853 0.008678672163159037 0.02082529888160432
51 0.6436320243002821 0.11222522175086772 0.00846170535908006 0.02082529888160432
57 0.545346062052506 0.9566139606633244 0.008895638967238013 0.020439645198611647
59 0.5279887177261879 0.9650983416891631 0.008895638967238013 0.020439645198611647
60 0.5355825558689521 0.17759352101812573 0.00846170535908006 0.020439645198611647
65 0.674983727489694 0.2045892788276128 0.008678672163159037 0.021210952564596992
66 0.47960512041657627 0.5948708060161975 0.00846170535908006 0.020439645198611647
69 0.5347146886526362 0.059390667180871576 0.00846170535908006 0.02082529888160432
70 0.6965719244955522 0.8565368299267258 0.008895638967238013 0.02082529888160432
71 0.48448687350835323 0.5458927882761281 0.008678672163159037 0.020439645198611647
73 0.6553482317205468 0.11993829541072117 0.00846170535908006 0.02082529888160432
76 0.5307008027771751 0.6183956806787505 0.008678672163159037 0.020439645198611647
77 0.5193100455630288 0.9652911685306594 0.008895638967238013 0.02082529888160432
78 0.513994358863094 0.9450443501735442 0.008678672163159037 0.020439645198611647
79 0.5810371013234975 0.2497107597377555 0.008678672163159037 0.020439645198611647
80 0.6627251030592319 0.07443116081758581 0.00846170535908006 0.02082529888160432
84 0.6801909307875895 0.1268800617045893 0.008678672163159037 0.02082529888160432
85 0.5192015621609893 0.18607790204396452 0.008244738555001085 0.020439645198611647
86 0.5035799522673031 0.9573852680293097 0.008678672163159037 0.020439645198611647
88 0.6961379908873943 0.10123409178557655 0.00846170535908006 0.021210952564596992
94 0.5475157300932957 0.20593906671808715 0.00846170535908006 0.02082529888160432
96 0.5071599045346062 0.981681450057848 0.008895638967238013 0.020439645198611647
98 0.6465610761553482 0.08754338603933667 0.008678672163159037 0.02082529888160432
102 0.6853981340854849 0.14693405322020825 0.008678672163159037 0.02082529888160432
103 0.5499023649381645 0.11608175858079445 0.00846170535908006 0.02082529888160432
107 0.5195270123671079 0.2269571924411878 0.00846170535908006 0.020439645198611647
109 0.5186591451507919 0.6021982259930583 0.00846170535908006 0.020439645198611647
111 0.5868952050336299 0.4739683763979946 0.008678672163159037 0.02082529888160432
112 0.7093729659362118 0.10451214809101426 0.00846170535908006 0.02082529888160432
115 0.6832284660446951 0.2040107983031238 0.008678672163159037 0.02082529888160432
118 0.7076372315035799 0.7090242961820286 0.008895638967238013 0.021210952564596992
119 0.581362551529616 0.27015040493636716 0.00846170535908006 0.020439645198611647
121 0.6639184204816663 0.14384882375626687 0.008678672163159037 0.02082529888160432
122 0.505098719895856 0.9165059776320864 0.008678672163159037 0.020439645198611647
123 0.6696680407897592 0.09448515233320479 0.00846170535908006 0.02082529888160432
124 0.6952701236710783 0.7790204396451986 0.008895638967238013 0.02082529888160432
125 0.6402690388370579 0.545314307751639 0.008678672163159037 0.02082529888160432
127 0.6233456281188978 0.305052063247204 0.008678672163159037 0.02082529888160432
129 0.5520720329789542 0.16910913999228694 0.00846170535908006 0.020439645198611647
132 0.5483835973096116 0.8993443887389124 0.008895638967238013 0.02082529888160432
134 0.5322195704057279 0.15734670266101042 0.008244738555001085 0.02082529888160432
135 0.48448687350835323 0.9577709217123024 0.008678672163159037 0.020439645198611647
136 0.5544586678238229 0.07500964134207481 0.00846170535908006 0.020439645198611647
138 0.6458016923410718 0.5777092171230235 0.008895638967238013 0.02082529888160432
139 0.6548058147103493 0.087157732356344 0.008678672163159037 0.02082529888160432
140 0.5233239314384899 0.07192441187813343 0.008244738555001085 0.020439645198611647
141 0.5736602299848124 0.8333976089471654 0.008678672163159037 0.02082529888160432
144 0.5964417444131048 0.5634400308522947 0.008678672163159037 0.02082529888160432
145 0.5202863961813843 0.5779020439645198 0.008678672163159037 0.020439645198611647
146 0.7093729659362118 0.892788276128037 0.008895638967238013 0.02082529888160432
148 0.6635929702755479 0.1195526417277285 0.00846170535908006 0.02082529888160432
150 0.6996094597526579 0.7381411492479754 0.008895638967238013 0.02082529888160432
156 0.6863744847038403 0.10605476282298495 0.00846170535908006 0.02082529888160432
157 0.6466695595573877 0.8754338603933668 0.008895638967238013 0.02082529888160432
160 0.5141028422651335 0.16178172001542615 0.00846170535908006 0.020439645198611647
161 0.4965285311347364 0.9411878133436175 0.008895638967238013 0.020439645198611647
163 0.5109568236059883 0.1864635557269572 0.008244738555001085 0.020439645198611647
165 0.5726838793664569 0.23775549556498266 0.00846170535908006 0.020439645198611647
166 0.5522889997830331 0.013883532587736213 0.00846170535908006 0.02082529888160432
167 0.4964200477326969 0.9003085229463942 0.008678672163159037 0.020439645198611647
168 0.5546756346279019 0.09544928654068646 0.00846170535908006 0.020439645198611647
170 0.6754176610978521 0.6209024296182029 0.008678672163159037 0.02082529888160432
171 0.5246257322629637 0.9855379868877748 0.008678672163159037 0.020439645198611647
179 0.5784334996745498 0.4701118395680679 0.008678672163159037 0.02082529888160432
185 0.5287481015404643 0.9508291554184343 0.017791277934476026 0.041264944080215964
186 0.4991321327836841 0.9269186270728885 0.01757431113039705 0.041264944080215964
188 0.67585159470601 0.11685306594677979 0.017357344326318074 0.04165059776320864
190 0.5185506617487524 0.2045892788276128 0.01692341071816012 0.041264944080215964
192 0.5415491429811239 0.1918627072888546 0.01692341071816012 0.041264944080215964
194 0.7011282273812107 0.8708060161974547 0.018008244738555 0.04165059776320864
196 0.5114992406161857 0.9674122637871192 0.01757431113039705 0.041264944080215964
199 0.6492731612063354 0.10181257231006556 0.017140377522239097 0.04165059776320864
202 0.6399435886309395 0.5800231392209796 0.01757431113039705 0.04165059776320864
208 0.5802777175092211 0.25588121866563823 0.017140377522239097 0.041264944080215964
213 0.7070948144933825 0.9112996529116854 0.018225211542633978 0.04165059776320864
214 0.6972228249077891 0.11145391438488238 0.017140377522239097 0.04165059776320864
217 0.5461054458667823 0.9504435017354416 0.017791277934476026 0.041264944080215964
218 0.5039054024734215 0.8575009641342075 0.01757431113039705 0.041264944080215964
219 0.6990670427424605 0.7524103355187042 0.017791277934476026 0.04165059776320864
220 0.7049251464525927 0.698997300424219 0.017791277934476026 0.04203625144620131
223 0.5164894771100021 0.9265329733898958 0.01757431113039705 0.041264944080215964
225 0.5516380993707962 0.028345545699961436 0.016706443914081145 0.041264944080215964
228 0.481991755261445 0.5561126108754338 0.017140377522239097 0.040879290397223295
229 0.6653287047081796 0.08060161974546858 0.017140377522239097 0.04165059776320864
231 0.554024734215665 0.10586193598148862 0.016706443914081145 0.041264944080215964
233 0.5710566283358646 0.8312765136907058 0.017791277934476026 0.041264944080215964
235 0.5290735517465828 0.06556112610875434 0.016706443914081145 0.040879290397223295
237 0.48177478845736604 0.9435017354415735 0.01757431113039705 0.041264944080215964
239 0.6208505098719895 0.30736598534516 0.017140377522239097 0.04165059776320864
241 0.5280972011282273 0.6203239490937138 0.017357344326318074 0.041264944080215964
243 0.670969841614233 0.2109525645969919 0.017140377522239097 0.04165059776320864
244 0.5492514645259275 0.9014654839953722 0.01757431113039705 0.041264944080215964
246 0.6614233022347581 0.14192055534130352 0.017140377522239097 0.04165059776320864
248 0.5165979605120417 0.1637099884303895 0.01692341071816012 0.041264944080215964
251 0.6507919288348882 0.6243733127651369 0.01757431113039705 0.04165059776320864
254 0.47700151876762853 0.5969919012726571 0.017140377522239097 0.040879290397223295
255 0.5844000867867216 0.4718472811415349 0.017140377522239097 0.041264944080215964
257 0.6727055760468649 0.6151176243733127 0.01757431113039705 0.04165059776320864
259 0.6375569537860707 0.5391438488237563 0.01757431113039705 0.04165059776320864
260 0.7036233456281189 0.625530273814115 0.017791277934476026 0.04165059776320864
261 0.5841831199826426 0.2965676822213652 0.017140377522239097 0.04165059776320864
262 0.5535908006075071 0.8154647126880061 0.01757431113039705 0.041264944080215964
265 0.5019527012367108 0.20497493251060547 0.016706443914081145 0.041264944080215964
266 0.5087871555651985 0.2454685692248361 0.01692341071816012 0.041264944080215964
268 0.6863744847038403 0.15291168530659469 0.017140377522239097 0.04203625144620131
274 0.5244087654588848 0.9529502506748939 0.026469950097635062 0.06170458927882761
275 0.6734649598611413 0.11878133436174315 0.025602082881319158 0.062475896644812956
278 0.4982642655673682 0.932896259159275 0.026252983293556086 0.06170458927882761
283 0.5274463007159904 0.1858850752024682 0.025168149273161206 0.06170458927882761
284 0.6405944890431764 0.5696104897801774 0.026252983293556086 0.062475896644812956
286 0.6485137773920591 0.0998843038951022 0.025602082881319158 0.062475896644812956
287 0.7041657626383163 0.8929811029695334 0.02712085050987199 0.06286155032780563
290 0.5845085701887611 0.26590821442344775 0.025602082881319158 0.06209024296182029
292 0.6981991755261445 0.12148091014269186 0.02603601648947711 0.062475896644812956
296 0.5459969624647429 0.03856536829926726 0.02495118246908223 0.06170458927882761
300 0.5503362985463224 0.9319321249517933 0.02668691690171404 0.06209024296182029
302 0.4845953569103927 0.5701889703046664 0.025819049685398134 0.06131893559583494
304 0.5029290518550662 0.2109525645969919 0.025168149273161206 0.06170458927882761
305 0.5522889997830331 0.18935595834940225 0.025385116077240182 0.06170458927882761
307 0.558038620091126 0.825684535287312 0.026469950097635062 0.06170458927882761
308 0.5083532219570406 0.87157732356344 0.026469950097635062 0.06170458927882761
310 0.5547841180299414 0.09949865021210953 0.025168149273161206 0.06170458927882761
316 0.5288565849425038 0.6020053991515619 0.025819049685398134 0.06170458927882761
317 0.701887611195487 0.7624373312765137 0.026903883705793014 0.062475896644812956
318 0.7073117812974615 0.6885846509834169 0.026903883705793014 0.06286155032780563
322 0.6500325450206118 0.6305437716930197 0.026469950097635062 0.062475896644812956
324 0.616728140594489 0.3094870806016197 0.025819049685398134 0.06209024296182029
325 0.5342807550444781 0.8711916698804474 0.026252983293556086 0.06170458927882761
327 0.6729225428509438 0.1843424604704975 0.025819049685398134 0.062475896644812956
329 0.42200043393360814 0.9500578480524489 0.02603601648947711 0.06131893559583494
332 0.5149707094814493 0.05977632086386425 0.02495118246908223 0.06170458927882761
336 0.5018442178346713 0.631315079059005 0.02603601648947711 0.06170458927882761
337 0.6993924929485789 0.627844195912071 0.02668691690171404 0.062475896644812956
339 0.5165979605120417 0.9469726185885076 0.0351486222607941 0.08214423447743927
340 0.6710783250162725 0.1210952564596992 0.034280755044478195 0.08330119552641728
341 0.526686916901714 0.1880061704589279 0.03362985463224127 0.08214423447743927
347 0.6415708396615318 0.5757809487080602 0.0351486222607941 0.08330119552641728
351 0.4818832718594055 0.939259544928654 0.0351486222607941 0.08214423447743927
354 0.7083966153178564 0.8866178172001543 0.03601648947711 0.08330119552641728
356 0.5512041657626383 0.9257616660239105 0.035365589064873075 0.08214423447743927
358 0.5822304187459318 0.2720786733513305 0.03406378824039922 0.0829155418434246
361 0.4888262095899327 0.5763594292325491 0.034280755044478195 0.08214423447743927
363 0.5539162508136255 0.8318549942151947 0.0351486222607941 0.08252988816043193
364 0.5161640269038837 0.8654068646355573 0.0351486222607941 0.08252988816043193
369 0.5229984812323715 0.6043193212495179 0.03449772184855717 0.08252988816043193
371 0.7074202646995009 0.7356344003085229 0.03579952267303103 0.08368684920940996
373 0.4938164460837492 0.22117238719629773 0.03341288782816229 0.08214423447743927
375 0.5126925580386201 0.06999614346317007 0.03341288782816229 0.08214423447743927
378 0.5597743545237579 0.1912842267643656 0.03384682143632024 0.08252988816043193
380 0.6158602733781732 0.30331662167373696 0.03449772184855717 0.0829155418434246
383 0.530917769581254 0.19417662938681066 0.04209155999132133 0.10296953335904357
384 0.6635929702755479 0.1153104512148091 0.04274246040355825 0.1041264944080216
390 0.6528531134736385 0.5894716544543 0.04382729442395313 0.10374084072502893
397 0.4880668257756563 0.586579251831855 0.04274246040355825 0.10258387967605091
398 0.5496853981340855 0.84631700732742 0.04404426122803211 0.10296953335904357
401 0.594922976784552 0.2900115696104898 0.04295942720763723 0.10335518704203625
402 0.7075287481015404 0.8844967219436946 0.04512909524842699 0.10451214809101426
408 0.4898025602082881 0.2315850366370999 0.041874593187242355 0.10296953335904357
409 0.5305923193751356 0.5856151176243733 0.043176394011716204 0.10296953335904357
412 0.6094597526578434 0.5179328962591593 0.04339336081579518 0.10335518704203625
415 0.5316771533955305 0.1837639799460085 0.05055326535040139 0.1237948322406479
416 0.6765024951182469 0.14944080215966063 0.05163809937079627 0.1253374469726186
424 0.6520937296593621 0.5915927497107597 0.05272293339119115 0.12495179328962591
426 0.4991321327836841 0.584265329733899 0.05142113256671729 0.12340917855765522
428 0.5558689520503363 0.8563440030852295 0.052939900195270125 0.1237948322406479
430 0.5974180950314602 0.28769764751253374 0.05142113256671729 0.12418048592364057
435 0.7030809286179215 0.8787119166988044 0.054024734215665005 0.1253374469726186
436 0.48231720546756346 0.22965676822213651 0.05033629854632241 0.12302352487466256
437 0.6001301800824473 0.5121480910142692 0.05207203297895422 0.12418048592364057
438 0.5174658277283576 0.9203625144620131 0.06161857235842916 0.14384882375626687
440 0.5275547841180299 0.17354415734670267 0.05879800390540248 0.14423447743925955
441 0.670752874810154 0.1434631700732742 0.060099804729876326 0.14577709217123022
449 0.5017357344326318 0.5780948708060162 0.060099804729876326 0.1434631700732742
451 0.6493816446083749 0.5773235634400309 0.06161857235842916 0.14577709217123022
454 0.5965502278151443 0.281527188584651 0.060099804729876326 0.1450057848052449
459 0.5264699500976351 0.13902815271885846 0.06704274246040356 0.16467412263787118
462 0.6748752440876545 0.1413420748168145 0.06877847689303536 0.16698804473582723
466 0.5007593838142764 0.559583494022368 0.06856151008895639 0.16428846895487853
467 0.6243219787372531 0.5478210566910914 0.07008027771750922 0.16621673736984188
471 0.4893686266001302 0.3029309679907443 0.06747667606856152 0.16390281527188585
475 0.5272293339119115 0.13690705746239876 0.07550444781948362 0.18511376783648284
479 0.6772618789325233 0.13902815271885846 0.0774571490561944 0.18781334361743154
480 0.505098719895856 0.5657539529502507 0.07724018225211543 0.18511376783648284
481 0.6200911260577132 0.5460856151176243 0.07854198307658929 0.18665638256845352
483 0.4870904751573009 0.32124951793289624 0.07593838142764157 0.1843424604704975
487 0.5249511824690822 0.14307751639028152 0.08396615317856368 0.20593906671808715
490 0.6177044912128444 0.5480138835325877 0.08722065523974831 0.20748168145005785
491 0.5024951182469082 0.5474354030080987 0.08591885441527446 0.20555341303509447
492 0.6735734432631807 0.16178172001542615 0.08613582121935344 0.20863864249903585
