5 0.1656541549142981 0.36714230620902427 0.010197439791711869 0.02082529888160432
9 0.11998264265567368 0.2510605476282298 0.009980472987632893 0.02082529888160432
10 0.1558906487307442 0.36270728885460857 0.010197439791711869 0.020439645198611647
11 0.08505098719895855 0.22522175086772078 0.009980472987632893 0.02082529888160432
12 0.09492297678455196 0.22175086772078673 0.010197439791711869 0.02082529888160432
14 0.3407463658060317 0.9737755495564983 0.010197439791711869 0.02082529888160432
15 0.17541766109785203 0.3756266872348631 0.010197439791711869 0.02082529888160432
16 0.10154046430896073 0.8779406093328191 0.010414406595790845 0.020439645198611647
17 0.10609676719461922 0.8414963362900115 0.010414406595790845 0.02082529888160432
18 0.16543718811021912 0.38758195140763596 0.010197439791711869 0.02082529888160432
23 0.14612714254719028 0.35403008098727345 0.010197439791711869 0.02082529888160432
24 0.10457799956606639 0.23023524874662554 0.009980472987632893 0.02082529888160432
25 0.09199392492948578 0.8407250289240262 0.010414406595790845 0.02082529888160432
27 0.13289216749837274 0.3127651369070575 0.010197439791711869 0.02082529888160432
30 0.08537643740507703 0.20478210566910915 0.010197439791711869 0.02082529888160432
32 0.11011065307008028 0.2506748939452372 0.010197439791711869 0.02082529888160432
34 0.15567368192666522 0.38295410721172385 0.010197439791711869 0.02082529888160432
35 0.17107832501627251 0.4080215966062476 0.010197439791711869 0.02082529888160432
37 0.16413538728574528 0.8600077130736599 0.010197439791711869 0.02082529888160432
39 0.13625515296159688 0.35364442730428075 0.009980472987632893 0.02082529888160432
40 0.1296376654371881 0.25993058233706134 0.010197439791711869 0.02082529888160432
41 0.13289216749837274 0.7813343617431546 0.010197439791711869 0.02082529888160432
42 0.10164894771100022 0.2911685306594678 0.010197439791711869 0.02082529888160432
43 0.21468865263614667 0.6129965291168531 0.010197439791711869 0.020439645198611647
44 0.2711000216966804 0.8017740069417663 0.010197439791711869 0.02082529888160432
49 0.09513994358863094 0.2013112225221751 0.010197439791711869 0.02082529888160432
52 0.2342156650032545 0.6625530273814115 0.010197439791711869 0.02082529888160432
53 0.20123671078325017 0.5557269571924411 0.010197439791711869 0.02082529888160432
57 0.1459101757431113 0.3744697261858851 0.010197439791711869 0.02082529888160432
58 0.09188544152744631 0.29078287697647515 0.010197439791711869 0.02082529888160432
59 0.11119548709047515 0.3160431932124952 0.010197439791711869 0.020439645198611647
60 0.2513560425254936 0.7688006170458928 0.010197439791711869 0.020439645198611647
62 0.07680624864395748 0.7790204396451986 0.010414406595790845 0.02082529888160432
63 0.12649164677804295 0.34516004627844193 0.009980472987632893 0.02082529888160432
68 0.10479496637014536 0.20979560354801388 0.009980472987632893 0.02082529888160432
69 0.2552614449989152 0.7892402622445044 0.010197439791711869 0.020439645198611647
75 0.17086135821219353 0.4284612418048592 0.010197439791711869 0.02082529888160432
77 0.14265567368192666 0.31739298110296954 0.010197439791711869 0.02082529888160432
78 0.14070297244521587 0.802159660624759 0.010197439791711869 0.02082529888160432
79 0.2144716858320677 0.6334361743154647 0.010197439791711869 0.020439645198611647
81 0.26090258190496857 0.8301195526417278 0.010197439791711869 0.020439645198611647
83 0.20308092861792146 0.5761666023910529 0.009980472987632893 0.02082529888160432
84 0.10143198090692124 0.31160817585807943 0.010197439791711869 0.02082529888160432
86 0.1613148188327186 0.4076359429232549 0.010197439791711869 0.02082529888160432
87 0.1143415057496203 0.2306209024296182 0.009980472987632893 0.02082529888160432
91 0.2055760468648297 0.5150404936367142 0.010197439791711869 0.020439645198611647
94 0.11683662399652853 0.3366756652526032 0.010197439791711869 0.02082529888160432
101 0.24354523757865046 0.7481681450057848 0.010197439791711869 0.02082529888160432
103 0.29843783901063137 0.9365599691477053 0.010197439791711869 0.020439645198611647
104 0.0945975265784335 0.2418048592364057 0.009980472987632893 0.02082529888160432
106 0.25504447819483617 0.8094870806016198 0.010197439791711869 0.02082529888160432
108 0.22792362768496421 0.698997300424219 0.010197439791711869 0.020439645198611647
109 0.20492514645259274 0.5966062475896645 0.010197439791711869 0.02082529888160432
110 0.23096116294206986 0.5605476282298496 0.010197439791711869 0.020439645198611647
111 0.19147320459969625 0.5391438488237563 0.010197439791711869 0.02082529888160432
112 0.30841831199826425 0.9531430775163903 0.010197439791711869 0.020439645198611647
114 0.23378173139509656 0.7194369456228307 0.010197439791711869 0.020439645198611647
115 0.11141245389455413 0.29579637485537985 0.010197439791711869 0.02082529888160432
117 0.2162074202646995 0.6538758195140764 0.010197439791711869 0.020439645198611647
119 0.09155999132132783 0.3112225221750868 0.009980472987632893 0.02082529888160432
121 0.16239965285311347 0.8395680678750482 0.010197439791711869 0.02082529888160432
122 0.3387936645693209 0.953528731199383 0.010197439791711869 0.020439645198611647
123 0.08624430462139293 0.8202853837254146 0.010197439791711869 0.02082529888160432
126 0.1360381861575179 0.3740840725028924 0.009980472987632893 0.02082529888160432
129 0.0982859622477761 0.8206710374084073 0.010414406595790845 0.02082529888160432
130 0.15144282924712518 0.40339375241033554 0.009980472987632893 0.02082529888160432
133 0.1524191798654806 0.8391824141920555 0.010197439791711869 0.02082529888160432
136 0.16098936862660013 0.4280755881218666 0.009980472987632893 0.02082529888160432
138 0.16869169017140379 0.44870806016197456 0.010197439791711869 0.020439645198611647
139 0.085593404209156 0.1843424604704975 0.010197439791711869 0.02082529888160432
140 0.21555651985246257 0.51947551099113 0.010197439791711869 0.02082529888160432
141 0.08049468431330006 0.7994600848438103 0.010414406595790845 0.02082529888160432
145 0.10696463441093512 0.33629001156961047 0.009980472987632893 0.02082529888160432
146 0.31037101323497507 0.9733898958735056 0.010197439791711869 0.02082529888160432
147 0.32469082230418744 0.9288468954878519 0.010197439791711869 0.020439645198611647
150 0.18377088305489261 0.5185113767836483 0.009980472987632893 0.020439645198611647
151 0.32089390323280537 0.8841110682607018 0.009980472987632893 0.020439645198611647
153 0.126274679973964 0.3655996914770536 0.009980472987632893 0.02082529888160432
154 0.17433282707745715 0.47743925954492866 0.010197439791711869 0.02082529888160432
155 0.29843783901063137 0.956999614346317 0.010197439791711869 0.020439645198611647
156 0.2047081796485138 0.6168530659467798 0.010197439791711869 0.020439645198611647
158 0.10512041657626384 0.18935595834940225 0.010197439791711869 0.02082529888160432
159 0.25092210891733563 0.8297338989587351 0.010197439791711869 0.020439645198611647
160 0.1377739205901497 0.8873891245661396 0.010414406595790845 0.02082529888160432
161 0.17802126274679975 0.4978789047435403 0.010197439791711869 0.02082529888160432
162 0.19027988717726188 0.46567682221365214 0.009980472987632893 0.020439645198611647
163 0.2413755695378607 0.7684149633629002 0.010197439791711869 0.020439645198611647
164 0.0954653937947494 0.18087157732356343 0.009980472987632893 0.02082529888160432
167 0.19125623779561726 0.5593906671808716 0.010197439791711869 0.020439645198611647
168 0.11651117379041007 0.3571153104512148 0.009980472987632893 0.02082529888160432
169 0.18311998264265567 0.9826455842653298 0.010414406595790845 0.02082529888160432
170 0.1350618355391625 0.2927111453914385 0.010197439791711869 0.02082529888160432
171 0.225211542633977 0.540107983031238 0.009980472987632893 0.020439645198611647
172 0.2451724886092428 0.7888546085615118 0.009980472987632893 0.020439645198611647
173 0.2626383163376004 0.8667566525260316 0.010197439791711869 0.020439645198611647
176 0.23280538077674115 0.5809872734284612 0.009980472987632893 0.020439645198611647
183 0.12421349533521371 0.8422676436559969 0.010197439791711869 0.02082529888160432
185 0.6308309828596225 0.18202853837254146 0.009763506183553917 0.02082529888160432
188 0.27088305489260145 0.8301195526417278 0.010197439791711869 0.020439645198611647
192 0.14167932306357128 0.39471654454300037 0.009980472987632893 0.020439645198611647
195 0.35072683879366456 0.9739683763979946 0.010197439791711869 0.020439645198611647
203 0.23356476459101758 0.7398765908214423 0.010197439791711869 0.020439645198611647
205 0.25395964417444133 0.691477053605862 0.010197439791711869 0.02082529888160432
206 0.09720112822738121 0.3316621673736984 0.009980472987632893 0.02082529888160432
207 0.15350401388587545 0.9205553413035095 0.010197439791711869 0.02082529888160432
209 0.21609893686266002 0.6741226378711916 0.009980472987632893 0.02082529888160432
210 0.19407680624864396 0.4863092942537601 0.010197439791711869 0.02082529888160432
211 0.2582989802560208 0.9276899344388739 0.010197439791711869 0.020439645198611647
214 0.2884573660229985 0.9446586964905515 0.010197439791711869 0.020439645198611647
217 0.1524191798654806 0.32182799845738524 0.010197439791711869 0.020439645198611647
223 0.09058364070297245 0.8002313922097956 0.010197439791711869 0.02082529888160432
228 0.1476459101757431 0.8958735055919784 0.010197439791711869 0.02082529888160432
229 0.11965719244955522 0.2715001928268415 0.010197439791711869 0.02082529888160432
230 0.17726187893252332 0.9622059390667181 0.010414406595790845 0.02082529888160432
231 0.2450640052072033 0.8092942537601234 0.010197439791711869 0.020439645198611647
236 0.19310045563028858 0.5798303123794832 0.009980472987632893 0.020439645198611647
237 0.15122586244304623 0.4236405707674508 0.009980472987632893 0.020439645198611647
238 0.2179431546973313 0.6945622830698033 0.010197439791711869 0.02082529888160432
239 0.16456932089390322 0.46895487851908985 0.010197439791711869 0.02082529888160432
240 0.6270340637882404 0.2024681835711531 0.009980472987632893 0.02082529888160432
241 0.18160121501410284 0.5387581951407636 0.009980472987632893 0.02082529888160432
242 0.24202646995009763 0.6829926725800232 0.010197439791711869 0.02082529888160432
245 0.2153395530483836 0.5397223293482453 0.010197439791711869 0.020439645198611647
251 0.10663918420481666 0.35672965676822216 0.010197439791711869 0.02082529888160432
252 0.13799088739422868 0.8671423062090243 0.010414406595790845 0.020439645198611647
257 0.2044912128444348 0.6372927111453914 0.010197439791711869 0.020439645198611647
259 0.10739856801909307 0.16930196683378326 0.009980472987632893 0.02082529888160432
261 0.33098285962247775 0.8883532587736213 0.010197439791711869 0.020439645198611647
262 0.22369277500542417 0.7192441187813343 0.009980472987632893 0.02082529888160432
264 0.17791277934476024 0.3349402236791361 0.009980472987632893 0.020439645198611647
268 0.14243870687784768 0.8225993058233706 0.010197439791711869 0.02082529888160432
270 0.18854415274463007 0.4452371770150405 0.009980472987632893 0.020439645198611647
271 0.2441961379908874 0.6627458542229079 0.010197439791711869 0.020439645198611647
272 0.30039054024734213 0.9774392595449286 0.010197439791711869 0.020439645198611647
274 0.2626383163376004 0.8870034708831469 0.010197439791711869 0.02082529888160432
275 0.21566500325450205 0.4990358657925183 0.009980472987632893 0.02082529888160432
276 0.15881970058581038 0.44832240647898186 0.009980472987632893 0.020439645198611647
278 0.148730744196138 0.9814886232163517 0.010197439791711869 0.02082529888160432
280 0.2467997396398351 0.8499807173158503 0.010197439791711869 0.02082529888160432
281 0.7748969407680625 0.27034323177786346 0.010197439791711869 0.02082529888160432
282 0.33488826209589934 0.9330890860007713 0.010197439791711869 0.020439645198611647
283 0.16261661965719246 0.37311993829541074 0.02017791277934476 0.041264944080215964
286 0.08993274029073552 0.2194369456228307 0.02017791277934476 0.04165059776320864
288 0.10924278585376437 0.24064789818742768 0.02017791277934476 0.04165059776320864
290 0.14308960729008463 0.36424990358657927 0.02017791277934476 0.041264944080215964
293 0.16804078975916684 0.413999228692634 0.02017791277934476 0.041264944080215964
294 0.10056411369060533 0.29733898958735056 0.02017791277934476 0.04165059776320864
296 0.09709264482534172 0.8308908600077131 0.020611846387502714 0.041264944080215964
298 0.13592970275547842 0.30698033166216737 0.02017791277934476 0.04165059776320864
299 0.20969841614233023 0.6149247975318164 0.02017791277934476 0.041264944080215964
302 0.12855283141679322 0.2618588507520247 0.02017791277934476 0.04165059776320864
303 0.1981991755261445 0.5657539529502507 0.02017791277934476 0.04165059776320864
305 0.34172271642438706 0.9676050906286155 0.020394879583423738 0.040879290397223295
306 0.24821002386634844 0.7788276128037023 0.020394879583423738 0.041264944080215964
307 0.1234541115209373 0.35518704203625145 0.020394879583423738 0.04165059776320864
310 0.30136689086569757 0.9548785190898573 0.020394879583423738 0.040879290397223295
313 0.25189845953569107 0.8197069032009255 0.020394879583423738 0.041264944080215964
314 0.1358212193534389 0.7917470111839569 0.020394879583423738 0.04165059776320864
316 0.10468648296810588 0.8719629772464327 0.020611846387502714 0.04165059776320864
317 0.10403558255586895 0.3382182799845739 0.02017791277934476 0.04165059776320864
320 0.2125189845953569 0.5131122252217508 0.02017791277934476 0.041264944080215964
322 0.1676068561510089 0.4548785190898573 0.02017791277934476 0.041264944080215964
323 0.09839444564981557 0.17894330890860008 0.02017791277934476 0.04165059776320864
324 0.2261878932523324 0.5543771693019668 0.02017791277934476 0.041264944080215964
325 0.15925363419396832 0.8495950636328576 0.020394879583423738 0.04165059776320864
326 0.22282490778910827 0.7009255688391824 0.020394879583423738 0.041264944080215964
327 0.23725320026036018 0.6565753952950251 0.02017791277934476 0.041264944080215964
328 0.21132566717292253 0.6558040879290398 0.020394879583423738 0.041264944080215964
329 0.08168800173573443 0.7936752795989201 0.020611846387502714 0.04165059776320864
330 0.14829681058798003 0.413420748168145 0.02017791277934476 0.04165059776320864
335 0.18073334779778694 0.5244890088700347 0.020394879583423738 0.04165059776320864
338 0.1387502712085051 0.8814114924797531 0.020611846387502714 0.041264944080215964
342 0.23454111520937296 0.7418048592364057 0.020394879583423738 0.041264944080215964
343 0.323931438489911 0.8860393366756653 0.020394879583423738 0.041264944080215964
344 0.19320893903232805 0.45969919012726573 0.02017791277934476 0.04165059776320864
352 0.15871121718377088 0.9107211723871963 0.020611846387502714 0.041264944080215964
357 0.15545671512258624 0.31585036637099884 0.02017791277934476 0.04165059776320864
359 0.18040789759166848 0.9562283069803317 0.020611846387502714 0.041264944080215964
360 0.6319158168800174 0.19224836097184728 0.01974397917118681 0.041264944080215964
362 0.3317422434367542 0.9267258002313922 0.020394879583423738 0.040879290397223295
363 0.2720763723150358 0.8160431932124952 0.020394879583423738 0.040879290397223295
364 0.26339770015187675 0.9217123023524875 0.020394879583423738 0.040879290397223295
365 0.12725103059231938 0.8403393752410335 0.020611846387502714 0.04165059776320864
366 0.2655673681926665 0.8769764751253375 0.020394879583423738 0.040879290397223295
367 0.25287481015404645 0.6974546856922483 0.02017791277934476 0.041264944080215964
369 0.16153178563679757 0.3831469340532202 0.03015838576697765 0.06209024296182029
370 0.09492297678455196 0.21326648669494794 0.03015838576697765 0.062475896644812956
373 0.09947927967021046 0.30736598534516 0.03015838576697765 0.062475896644812956
376 0.13213278368409634 0.36984188198997303 0.030375352571056627 0.062475896644812956
378 0.09796051204165762 0.849209409949865 0.031026252983293555 0.062475896644812956
381 0.20459969624647428 0.6209024296182029 0.030375352571056627 0.06170458927882761
382 0.2451724886092428 0.7890474354030081 0.030375352571056627 0.06170458927882761
383 0.16467780429594273 0.44446586964905516 0.030375352571056627 0.06209024296182029
384 0.19331742243436753 0.5593906671808716 0.030375352571056627 0.06209024296182029
386 0.14091993924929486 0.30100269957578096 0.03015838576697765 0.06209024296182029
388 0.30039054024734213 0.9650983416891631 0.030592319375135603 0.06131893559583494
391 0.22575395964417444 0.7111453914384882 0.030592319375135603 0.06170458927882761
393 0.22911694510739858 0.5564982645584265 0.030375352571056627 0.06170458927882761
397 0.12204382729442395 0.24315464712688006 0.03015838576697765 0.06209024296182029
398 0.20384031243219788 0.4946008484381026 0.03015838576697765 0.06209024296182029
400 0.2548275113907572 0.850366370998843 0.030592319375135603 0.06170458927882761
401 0.15426339770015188 0.8555726957192441 0.03080928617921458 0.06209024296182029
402 0.3268604903449772 0.9043578866178172 0.030592319375135603 0.06170458927882761
404 0.08667823822955088 0.7875048206710374 0.031026252983293555 0.062475896644812956
408 0.10251681492731612 0.368684920940995 0.030592319375135603 0.062475896644812956
409 0.16804078975916684 0.5057848052448901 0.030592319375135603 0.06209024296182029
410 0.15849425037969192 0.38931739298110296 0.0405727923627685 0.0829155418434246
411 0.09980472987632892 0.21172387196297723 0.04035582555868952 0.08330119552641728
413 0.09839444564981557 0.31739298110296954 0.0405727923627685 0.08330119552641728
417 0.2540681275764808 0.7992672580023139 0.040789759166847475 0.08214423447743927
418 0.20036884356693427 0.5372155804087929 0.0405727923627685 0.08252988816043193
419 0.09134302451724886 0.8143077516390281 0.04122369277500543 0.0829155418434246
422 0.14363202430028205 0.3071731585036637 0.04035582555868952 0.0829155418434246
423 0.2016706443914081 0.6187813343617432 0.0405727923627685 0.0829155418434246
426 0.22683879366456933 0.7009255688391824 0.0405727923627685 0.08214423447743927
427 0.14894771100021698 0.8694562283069803 0.04100672597092645 0.0829155418434246
429 0.15957908440008678 0.4706903200925569 0.0405727923627685 0.0829155418434246
436 0.15545671512258624 0.3951021982259931 0.05055326535040139 0.10374084072502893
437 0.10967671946192233 0.27516390281527187 0.05055326535040139 0.10374084072502893
440 0.20709481449338252 0.5638256845352874 0.05055326535040139 0.10335518704203625
441 0.24907789108266434 0.7930967990744312 0.050770232154480364 0.10296953335904357
442 0.11206335430679105 0.8457385268029309 0.05142113256671729 0.1041264944080216
445 0.22390974180950315 0.6907057462398766 0.050770232154480364 0.10335518704203625
447 0.1063137339986982 0.37697647512533744 0.050770232154480364 0.10374084072502893
452 0.1619657192449555 0.8800617045892788 0.05142113256671729 0.10335518704203625
453 0.15274463007159905 0.368684920940995 0.060750705142113254 0.12418048592364057
456 0.1090258190496854 0.25684535287311994 0.06053373833803428 0.12495179328962591
457 0.20416576263831634 0.5617045892788276 0.060750705142113254 0.1237948322406479
458 0.11510088956389672 0.8397608947165446 0.061835539162508134 0.12456613960663325
460 0.2441961379908874 0.7786347859622059 0.06096767194619223 0.12340917855765522
466 0.14384899110436103 0.3661781720015426 0.07073117812974615 0.14539143848823757
469 0.21078325016272512 0.6006556112610876 0.07094814493382512 0.14462013112225222
470 0.11011065307008028 0.8333976089471654 0.07224994575829898 0.1450057848052449
471 0.23920590149707094 0.7682221365214038 0.07138207854198307 0.14423447743925955
474 0.11423302234758081 0.23042807558812187 0.07051421132566717 0.14539143848823757
477 0.13733998698199176 0.33127651369070577 0.08071165111737905 0.1658310836868492
480 0.18886960295074853 0.4961434631700733 0.08092861792145802 0.16544543000385653
482 0.2342156650032545 0.7580023139220979 0.08136255152961597 0.16467412263787118
483 0.1270340637882404 0.8441959120709602 0.08223041874593187 0.1658310836868492
485 0.1344109351269256 0.3332047821056691 0.09090909090909091 0.18665638256845352
488 0.18962898676502496 0.5185113767836483 0.09112605771316988 0.18627072888546087
490 0.22933391191147753 0.7475896644812958 0.09155999132132783 0.18549942151947552
491 0.13148188327185942 0.3310836868492094 0.10110653070080278 0.20786733513305053
494 0.19038837057930136 0.5368299267258002 0.10132349750488176 0.2067103740840725
495 0.22423519201562161 0.741419205553413 0.1017574311130397 0.20632472040107983
