0 0.8301149924061618 0.9394523717701504 0.008244738555001085 0.02082529888160432
1 0.5865697548275114 0.8511376783648283 0.008027771750922109 0.02082529888160432
2 0.5945975265784335 0.8472811415349016 0.008027771750922109 0.02082529888160432
3 0.6247559123454112 0.819321249517933 0.008027771750922109 0.020439645198611647
5 0.8488826209589933 0.7713073659853451 0.008027771750922109 0.02082529888160432
7 0.6026252983293556 0.8351330505206325 0.008027771750922109 0.020439645198611647
9 0.57626383163376 0.9693405322020825 0.008244738555001085 0.020439645198611647
10 0.8710132349750488 0.7786347859622059 0.008027771750922109 0.02082529888160432
11 0.8304404426122803 0.8170073274199768 0.008027771750922109 0.020439645198611647
12 0.49121284443480145 0.9868877747782492 0.008244738555001085 0.02082529888160432
13 0.5734432631807334 0.9120709602776707 0.008244738555001085 0.02082529888160432
14 0.834128878281623 0.86579251831855 0.008027771750922109 0.02082529888160432
15 0.8862009112605771 0.7412263787119167 0.008027771750922109 0.02082529888160432
16 0.9442395313517032 0.7254145777092171 0.008244738555001085 0.02082529888160432
17 0.7268387936645693 0.5948708060161975 0.007810804946843133 0.020439645198611647
19 0.567585159470601 0.8588507520246819 0.008244738555001085 0.02082529888160432
21 0.5432848774137556 0.9112996529116854 0.008244738555001085 0.02082529888160432
22 0.5817964851377739 0.8713844967219437 0.008027771750922109 0.020439645198611647
24 0.5841831199826426 0.9695333590435788 0.008027771750922109 0.02082529888160432
25 0.7707745714905619 0.8839182414192056 0.008027771750922109 0.02082529888160432
26 0.8568019093078759 0.7751639028152719 0.008244738555001085 0.02082529888160432
28 0.9329572575395965 0.7138449672194369 0.008244738555001085 0.02082529888160432
29 0.5441527446300716 0.9766679521789433 0.008244738555001085 0.020439645198611647
30 0.6881102191364721 0.8521018125723101 0.008027771750922109 0.020439645198611647
32 0.5302668691690171 0.9271114539143849 0.008244738555001085 0.02082529888160432
33 0.9594272076372315 0.7082529888160431 0.008244738555001085 0.021210952564596992
34 0.6280104144065958 0.8397608947165446 0.008027771750922109 0.020439645198611647
35 0.5632458233890215 0.8098727342846124 0.008244738555001085 0.02082529888160432
36 0.7190279887177262 0.5825298881604319 0.007810804946843133 0.020439645198611647
38 0.9518333694944674 0.7169301966833783 0.008244738555001085 0.02082529888160432
39 0.8795834237361684 0.7209795603548014 0.008244738555001085 0.020439645198611647
40 0.8526795400303754 0.8241419205553413 0.008244738555001085 0.02082529888160432
42 0.5875461054458668 0.9492865406864636 0.008244738555001085 0.020439645198611647
43 0.8564764591017574 0.7547242576166603 0.008027771750922109 0.02082529888160432
47 0.6024083315252766 0.8555726957192441 0.008027771750922109 0.020439645198611647
49 0.8221957040572793 0.9355958349402237 0.008027771750922109 0.02082529888160432
50 0.6439574745064005 0.7499035865792518 0.007810804946843133 0.020439645198611647
51 0.5571707528748101 0.9525645969919013 0.008244738555001085 0.02082529888160432
52 0.7346495986114124 0.5987273428461242 0.007810804946843133 0.020439645198611647
53 0.531351703189412 0.9843810258387967 0.008244738555001085 0.020439645198611647
54 0.504447819483619 0.954685692248361 0.008244738555001085 0.020439645198611647
55 0.8109134302451725 0.9278827612803703 0.008027771750922109 0.02082529888160432
56 0.6676068561510089 0.7788276128037023 0.007810804946843133 0.020439645198611647
57 0.7627467997396399 0.8841110682607018 0.008027771750922109 0.020439645198611647
58 0.6104361032761988 0.8353258773621288 0.008027771750922109 0.02082529888160432
59 0.4340420915599913 0.8696490551484767 0.00846170535908006 0.02082529888160432
60 0.44847038403124323 0.8580794446586965 0.008244738555001085 0.02082529888160432
61 0.6314818832718594 0.7375626687234863 0.008027771750922109 0.020439645198611647
62 0.8795834237361684 0.8191284226764366 0.008244738555001085 0.02082529888160432
64 0.8585376437405077 0.6729656768222136 0.008244738555001085 0.02082529888160432
65 0.5435018442178347 0.8785190898573081 0.008244738555001085 0.02082529888160432
66 0.8027771750922109 0.9035865792518318 0.008244738555001085 0.02082529888160432
67 0.5878715556519852 0.8960663324334748 0.008027771750922109 0.020439645198611647
68 0.7486439574745064 0.9006941766293868 0.008027771750922109 0.020439645198611647
70 0.8336949446734649 0.6943694562283069 0.008027771750922109 0.020439645198611647
73 0.8507268387936646 0.6733513305052063 0.008244738555001085 0.02082529888160432
74 0.4627901931004556 0.8630929425376013 0.008244738555001085 0.02082529888160432
77 0.843024517248861 0.6856922483609719 0.008027771750922109 0.02082529888160432
78 0.5656324582338902 0.9037794060933282 0.008244738555001085 0.020439645198611647
79 0.7164243870687784 0.782684149633629 0.007810804946843133 0.020439645198611647
80 0.7842265133434585 0.7693790975703818 0.008027771750922109 0.02082529888160432
81 0.5183336949446735 0.9880447358272272 0.008244738555001085 0.02082529888160432
83 0.47060099804729877 0.8673351330505207 0.008244738555001085 0.02082529888160432
84 0.5759383814276415 0.8100655611261087 0.008027771750922109 0.020439645198611647
85 0.7499457582989802 0.8517161588893174 0.008027771750922109 0.020439645198611647
86 0.7918203514862227 0.9325106054762823 0.008027771750922109 0.02082529888160432
88 0.8095031460186591 0.9483224064789819 0.008244738555001085 0.02082529888160432
89 0.8635278802343241 0.9259544928654069 0.008244738555001085 0.02082529888160432
90 0.6296376654371881 0.7988816043193212 0.007810804946843133 0.020439645198611647
91 0.8383597309611629 0.8206710374084073 0.008244738555001085 0.02082529888160432
92 0.6165111737904101 0.9211338218279984 0.008027771750922109 0.020439645198611647
93 0.5896072900846171 0.8717701504049363 0.008027771750922109 0.020439645198611647
94 0.5576046864829681 0.9035865792518318 0.008244738555001085 0.02082529888160432
95 0.5476242134953352 0.9562283069803317 0.008244738555001085 0.020439645198611647
97 0.8371664135387286 0.7146162745854223 0.008027771750922109 0.02082529888160432
99 0.8105879800390541 0.89105283455457 0.008244738555001085 0.020439645198611647
100 0.9071382078541983 0.6787504820671038 0.008244738555001085 0.02082529888160432
102 0.8915165979605121 0.7817200154261473 0.008244738555001085 0.02082529888160432
103 0.8408548492080712 0.7593521018125723 0.008027771750922109 0.02082529888160432
104 0.49338251247559123 0.9502506748939452 0.008244738555001085 0.02082529888160432
105 0.6236710783250162 0.7294639413806402 0.008027771750922109 0.020439645198611647
106 0.8770883054892601 0.762051677593521 0.008027771750922109 0.02082529888160432
107 0.7074202646995009 0.9747396837639799 0.008027771750922109 0.020439645198611647
110 0.8939032328053808 0.7323563440030852 0.008244738555001085 0.02082529888160432
111 0.9364287264048601 0.7342846124180485 0.008244738555001085 0.02082529888160432
113 0.616728140594489 0.8802545314307751 0.008027771750922109 0.020439645198611647
114 0.837057930136689 0.8453528731199383 0.008244738555001085 0.02082529888160432
115 0.8485571707528748 0.7508677207867335 0.008244738555001085 0.02082529888160432
116 0.6471034931655457 0.7703432317778635 0.008027771750922109 0.020439645198611647
117 0.6579518333694945 0.8359043578866178 0.008027771750922109 0.020439645198611647
121 0.8782816229116945 0.7416120323949094 0.008244738555001085 0.02082529888160432
122 0.8642872640486006 0.7462398765908215 0.008027771750922109 0.02082529888160432
123 0.7243436754176611 0.8031237948322406 0.008027771750922109 0.020439645198611647
124 0.865263614666956 0.8156575395295025 0.008244738555001085 0.02082529888160432
125 0.6562160989368626 0.9500578480524489 0.008027771750922109 0.020439645198611647
127 0.5352571056628336 0.9068646355572696 0.008244738555001085 0.020439645198611647
128 0.8479062703406379 0.9591207096027767 0.008244738555001085 0.02082529888160432
129 0.522239097418095 0.9267258002313922 0.008244738555001085 0.02082529888160432
130 0.6738988934692992 0.8278056305437717 0.007810804946843133 0.020439645198611647
132 0.8295725753959644 0.7354415734670267 0.008027771750922109 0.02082529888160432
133 0.7920373182903016 0.7610875433860393 0.008027771750922109 0.020439645198611647
134 0.6277934476025168 0.8602005399151562 0.008027771750922109 0.020439645198611647
135 0.5682360598828379 0.9691477053605861 0.008244738555001085 0.02082529888160432
136 0.8845736602299848 0.8391824141920555 0.008244738555001085 0.02082529888160432
138 0.6033846821436321 0.9739683763979946 0.008244738555001085 0.020439645198611647
139 0.6058798003905402 0.802738141149248 0.008027771750922109 0.020439645198611647
140 0.7630722499457583 0.9207481681450058 0.008244738555001085 0.020439645198611647
141 0.8903232805380776 0.802159660624759 0.008027771750922109 0.02082529888160432
142 0.6497070948144934 0.982838411106826 0.008027771750922109 0.020439645198611647
143 0.8410718160121501 0.7797917470111839 0.008027771750922109 0.02082529888160432
144 0.8320676936428726 0.959892016968762 0.008244738555001085 0.02082529888160432
145 0.8311998264265568 0.8862321635171616 0.008244738555001085 0.02082529888160432
146 0.5787589498806682 0.8509448515233321 0.008027771750922109 0.020439645198611647
147 0.8118897808635279 0.8665638256845353 0.008244738555001085 0.02082529888160432
148 0.8420481666305055 0.8654068646355573 0.008244738555001085 0.02082529888160432
149 0.8225211542633977 0.8131507905900501 0.008244738555001085 0.020439645198611647
150 0.744087654588848 0.9415734670266102 0.008027771750922109 0.020439645198611647
151 0.7337817313950965 0.766101041264944 0.007810804946843133 0.020439645198611647
152 0.864612714254719 0.7747782491322792 0.008244738555001085 0.02082529888160432
153 0.7997396398351052 0.9240262244504435 0.008244738555001085 0.02082529888160432
154 0.900846170535908 0.5850366370998843 0.008244738555001085 0.02082529888160432
156 0.756780212627468 0.9413806401851138 0.008244738555001085 0.02082529888160432
157 0.6754176610978521 0.7828769764751253 0.007810804946843133 0.020053991515618975
159 0.8509438055977435 0.9386810644041651 0.008244738555001085 0.02082529888160432
160 0.7121935343892385 0.9543000385653683 0.008027771750922109 0.020439645198611647
161 0.5259275330874377 0.8862321635171616 0.008244738555001085 0.02082529888160432
162 0.6960295074853547 0.8521018125723101 0.007810804946843133 0.020439645198611647
164 0.6833369494467346 0.8318549942151947 0.008027771750922109 0.020053991515618975
168 0.5732262963766543 0.9489008870034709 0.008244738555001085 0.020439645198611647
169 0.9605120416576264 0.7531816428846896 0.008244738555001085 0.02082529888160432
172 0.711217183770883 0.5786733513305052 0.007810804946843133 0.020439645198611647
173 0.8897808635278802 0.6673736984188199 0.008244738555001085 0.020439645198611647
174 0.724777609025819 0.9049363671423062 0.008027771750922109 0.020439645198611647
176 0.7230418745931873 0.8725414577709217 0.008027771750922109 0.020439645198611647
178 0.8761119548709048 0.7007327419976861 0.008244738555001085 0.02082529888160432
179 0.5126925580386201 0.934631700732742 0.008244738555001085 0.020439645198611647
181 0.6327836840963332 0.819321249517933 0.008027771750922109 0.020439645198611647
183 0.8261011065307008 0.8578866178172001 0.008027771750922109 0.020439645198611647
185 0.5521805163809937 0.9728114153490166 0.008244738555001085 0.020439645198611647
186 0.6394011716207421 0.7294639413806402 0.007810804946843133 0.020439645198611647
187 0.9389238446517683 0.7790204396451986 0.00846170535908006 0.02082529888160432
188 0.6124972879149491 0.7618588507520246 0.007810804946843133 0.020439645198611647
189 0.6674983727489694 0.8725414577709217 0.008027771750922109 0.020439645198611647
191 0.7086135821219354 0.782684149633629 0.007810804946843133 0.020439645198611647
192 0.5554350184421784 0.8013883532587737 0.008244738555001085 0.02082529888160432
193 0.954870904751573 0.7902043964519861 0.008244738555001085 0.02082529888160432
194 0.7785853764374051 0.8632857693790976 0.008027771750922109 0.020439645198611647
197 0.7024300282056846 0.8972232934824528 0.008027771750922109 0.020439645198611647
198 0.4404426122803211 0.8617431546471269 0.008244738555001085 0.021210952564596992
199 0.45649815578216535 0.8584650983416892 0.008244738555001085 0.02082529888160432
202 0.7360598828379258 0.9539143848823757 0.008027771750922109 0.020439645198611647
205 0.9540030375352571 0.9005013497878904 0.008244738555001085 0.02082529888160432
206 0.599153829464092 0.8800617045892788 0.008027771750922109 0.02082529888160432
209 0.5737687133868518 0.8713844967219437 0.008027771750922109 0.020439645198611647
210 0.9049685398134085 0.8218279984573853 0.008244738555001085 0.02082529888160432
211 0.707203297895422 0.8602005399151562 0.008027771750922109 0.020439645198611647
212 0.927750054241701 0.7755495564982645 0.008244738555001085 0.02082529888160432
213 0.78390106313734 0.9367527959892017 0.008244738555001085 0.02082529888160432
214 0.9316554567151226 0.8121866563825685 0.008244738555001085 0.02082529888160432
215 0.6219353438923845 0.7537601234091785 0.008027771750922109 0.020439645198611647
217 0.5837491863744847 0.802159660624759 0.008027771750922109 0.02082529888160432
218 0.6754176610978521 0.8767836482838411 0.007810804946843133 0.020439645198611647
219 0.6833369494467346 0.7745854222907829 0.008027771750922109 0.020439645198611647
220 0.6199826426556737 0.8395680678750482 0.008027771750922109 0.02082529888160432
225 0.5948144933825125 0.82684149633629 0.008027771750922109 0.02082529888160432
226 0.5799522673031027 0.9041650597763209 0.008244738555001085 0.020439645198611647
227 0.6501410284226513 0.8316621673736985 0.008027771750922109 0.020439645198611647
228 0.6451507919288348 0.8968376397994601 0.008027771750922109 0.020439645198611647
229 0.526686916901714 0.9637485537986887 0.008027771750922109 0.02082529888160432
230 0.6612063354306791 0.7992672580023139 0.008027771750922109 0.020439645198611647
231 0.9240616185723585 0.6573467026610104 0.008244738555001085 0.021210952564596992
232 0.5496853981340855 0.8991515618974161 0.008027771750922109 0.020439645198611647
233 0.6723801258407464 0.7421905129193984 0.007810804946843133 0.020439645198611647
234 0.9179865480581471 0.759737755495565 0.008244738555001085 0.02082529888160432
235 0.6945107398568019 0.9176629386810644 0.007810804946843133 0.020439645198611647
237 0.8411802994141896 0.9226764365599691 0.008244738555001085 0.020439645198611647
238 0.8434584508570189 0.9797531816428847 0.00846170535908006 0.020439645198611647
239 0.7632892167498373 0.7043964519861164 0.007810804946843133 0.020439645198611647
241 0.42601431980906923 0.8731199382954107 0.00846170535908006 0.02082529888160432
243 0.7150141028422652 0.8563440030852295 0.008027771750922109 0.020439645198611647
245 0.616945107398568 0.8191284226764366 0.008027771750922109 0.02082529888160432
246 0.7998481232371447 0.7607018897030466 0.008027771750922109 0.020439645198611647
247 0.8789325233239315 0.78210566910914 0.008244738555001085 0.02082529888160432
248 0.6358212193534389 0.8397608947165446 0.008027771750922109 0.020439645198611647
249 0.9163592970275548 0.5800231392209796 0.008027771750922109 0.02082529888160432
251 0.7929051855066175 0.8752410335518704 0.008027771750922109 0.020439645198611647
252 0.8490995877630723 0.7917470111839569 0.008027771750922109 0.02082529888160432
255 0.7424604035582556 0.6027767065175472 0.007810804946843133 0.02082529888160432
257 0.7549359947927967 0.8843038951021982 0.008027771750922109 0.02082529888160432
259 0.6345194185289651 0.7784419591207096 0.008027771750922109 0.020439645198611647
260 0.8817530917769582 0.6556112610875434 0.008244738555001085 0.02082529888160432
261 0.7006942937730527 0.7950250674893945 0.008027771750922109 0.020439645198611647
265 0.7640486005641137 0.822792132664867 0.008027771750922109 0.020439645198611647
266 0.7648079843783901 0.9411878133436175 0.008244738555001085 0.020439645198611647
267 0.7053590800607507 0.7583879676050906 0.007810804946843133 0.020439645198611647
269 0.7034063788240399 0.5663324334747397 0.007810804946843133 0.020439645198611647
270 0.9214580169234107 0.8617431546471269 0.008244738555001085 0.021210952564596992
271 0.5889563896723802 0.8575009641342075 0.016272510305923193 0.041264944080215964
273 0.851269255803862 0.7691862707288855 0.016272510305923193 0.041264944080215964
274 0.6049034497721849 0.8413035094485153 0.016055543501844217 0.041264944080215964
275 0.6256237795617271 0.8252988816043193 0.01583857669776524 0.040879290397223295
276 0.8294640919939249 0.9415734670266102 0.01648947711000217 0.041264944080215964
278 0.549793881536125 0.9704974932510605 0.01648947711000217 0.041264944080215964
279 0.8716641353872857 0.7724643270343232 0.016272510305923193 0.04165059776320864
280 0.8837057930136689 0.7310065561126109 0.01648947711000217 0.041264944080215964
282 0.8333694944673465 0.8636714230620902 0.01648947711000217 0.041264944080215964
284 0.726079409850293 0.5927497107597377 0.01583857669776524 0.040879290397223295
285 0.9385983944456499 0.7198225993058234 0.01648947711000217 0.04203625144620131
287 0.5742026469950098 0.9141920555341303 0.016272510305923193 0.041264944080215964
288 0.5731178129746148 0.8652140377940609 0.016272510305923193 0.041264944080215964
289 0.8295725753959644 0.8148862321635172 0.016272510305923193 0.04165059776320864
290 0.688978086352788 0.8461241804859236 0.01583857669776524 0.040879290397223295
292 0.5375352571056629 0.9172772849980717 0.016272510305923193 0.041264944080215964
293 0.7683879366456932 0.8779406093328191 0.016272510305923193 0.041264944080215964
294 0.5289650683445433 0.978210566910914 0.01648947711000217 0.041264944080215964
295 0.881970058581037 0.8249132279213266 0.01648947711000217 0.04165059776320864
296 0.806791060967672 0.9095642113382183 0.016272510305923193 0.041264944080215964
298 0.5883054892601431 0.9593135364442731 0.016272510305923193 0.041264944080215964
299 0.5035799522673031 0.9568067875048206 0.01648947711000217 0.04165059776320864
300 0.640052072032979 0.7520246818357116 0.016055543501844217 0.040879290397223295
301 0.8546322412670861 0.6710374084072502 0.016055543501844217 0.04165059776320864
302 0.837708830548926 0.7003470883146934 0.016055543501844217 0.04165059776320864
304 0.5624864395747451 0.8035094485152333 0.016272510305923193 0.041264944080215964
306 0.6243219787372531 0.7396837639799461 0.01583857669776524 0.040879290397223295
307 0.9542200043393361 0.7146162745854223 0.01648947711000217 0.04165059776320864
308 0.6237795617270557 0.8661781720015426 0.016055543501844217 0.040879290397223295
310 0.7189195053156867 0.7929039722329349 0.01583857669776524 0.040879290397223295
312 0.553807767411586 0.8891245661396067 0.016272510305923193 0.041264944080215964
315 0.7590583640702973 0.9271114539143849 0.016272510305923193 0.040879290397223295
316 0.6683662399652853 0.7848052448900887 0.01583857669776524 0.040879290397223295
317 0.7849858971577348 0.7715001928268415 0.016055543501844217 0.041264944080215964
321 0.5782165328704708 0.8123794832240648 0.016055543501844217 0.041264944080215964
322 0.7909524842699067 0.9222907828769765 0.016272510305923193 0.041264944080215964
323 0.590258190496854 0.9022367913613575 0.016272510305923193 0.041264944080215964
324 0.7114341505749621 0.9645198611646741 0.016055543501844217 0.040879290397223295
325 0.6525276632675201 0.8214423447743926 0.01583857669776524 0.040879290397223295
326 0.7507051421132567 0.8578866178172001 0.016055543501844217 0.041264944080215964
327 0.8488826209589933 0.8345545699961434 0.016272510305923193 0.04165059776320864
328 0.5213712302017791 0.936945622830698 0.01648947711000217 0.041264944080215964
329 0.9063788240399219 0.680678750482067 0.016272510305923193 0.04165059776320864
330 0.6140160555435018 0.9313536444273043 0.016055543501844217 0.040879290397223295
332 0.847255369928401 0.9571924411878133 0.01648947711000217 0.04165059776320864
334 0.9334996745497939 0.785576552256074 0.016706443914081145 0.04165059776320864
336 0.6554567151225863 0.9602776706517547 0.016055543501844217 0.040879290397223295
337 0.8135170318941202 0.9500578480524489 0.016272510305923193 0.041264944080215964
338 0.8351052288999783 0.7412263787119167 0.016055543501844217 0.04165059776320864
339 0.6761770449121285 0.8870034708831469 0.01583857669776524 0.040879290397223295
340 0.4538945541332176 0.8684920940994987 0.01648947711000217 0.04165059776320864
341 0.9031243219787373 0.5788661781720016 0.016272510305923193 0.04165059776320864
343 0.7223909741809503 0.9112996529116854 0.01583857669776524 0.040879290397223295
345 0.6052288999783033 0.7882761280370227 0.01583857669776524 0.040879290397223295
349 0.8008244738555002 0.7711145391438489 0.016055543501844217 0.041264944080215964
350 0.7030809286179215 0.7767065175472426 0.01583857669776524 0.040879290397223295
353 0.784118029941419 0.8571153104512148 0.016055543501844217 0.041264944080215964
354 0.4380559774354524 0.8677207867335133 0.01648947711000217 0.04165059776320864
355 0.7415925363419397 0.9394523717701504 0.016055543501844217 0.040879290397223295
356 0.9524842699067043 0.7842267643655997 0.01648947711000217 0.04203625144620131
357 0.5929702755478412 0.8511376783648283 0.024300282056845302 0.06170458927882761
359 0.8534389238446518 0.7587736212880833 0.024517248860924278 0.06209024296182029
360 0.6199826426556737 0.8355187042036252 0.024083315252766326 0.06131893559583494
361 0.5688869602950749 0.8835325877362129 0.024300282056845302 0.06170458927882761
363 0.8371664135387286 0.845160046278442 0.024517248860924278 0.06209024296182029
364 0.8786070731178129 0.7578094870806016 0.024517248860924278 0.062475896644812956
365 0.8221957040572793 0.9396451986116467 0.024517248860924278 0.06209024296182029
368 0.5353655890648731 0.9028152718858465 0.024517248860924278 0.06170458927882761
371 0.9407680624864396 0.7094099498650213 0.024734215665003254 0.06286155032780563
372 0.7550444781948362 0.9168916313150791 0.024300282056845302 0.06131893559583494
373 0.8845736602299848 0.8351330505206325 0.024734215665003254 0.06209024296182029
374 0.6346279019310046 0.7294639413806402 0.02386634844868735 0.06131893559583494
377 0.6834454328487741 0.8521018125723101 0.02386634844868735 0.06131893559583494
378 0.568019093078759 0.8058233706131893 0.024300282056845302 0.06209024296182029
379 0.798112388804513 0.9240262244504435 0.024517248860924278 0.06170458927882761
380 0.8400954653937948 0.6982259930582337 0.024300282056845302 0.06209024296182029
382 0.6595790844000868 0.80736598534516 0.02386634844868735 0.06131893559583494
384 0.7268387936645693 0.5989201696876205 0.023432414840529398 0.06170458927882761
385 0.773920590149707 0.8677207867335133 0.024300282056845302 0.06170458927882761
389 0.7811889780863528 0.7817200154261473 0.024083315252766326 0.06170458927882761
390 0.7117596007810805 0.782684149633629 0.023649381644608374 0.06131893559583494
391 0.6109785202863962 0.7535672965676822 0.02386634844868735 0.06170458927882761
392 0.8462790193100456 0.9469726185885076 0.024517248860924278 0.06209024296182029
393 0.613148188327186 0.9496721943694563 0.024300282056845302 0.06131893559583494
394 0.6514428292471252 0.9662553027381412 0.024083315252766326 0.06131893559583494
395 0.8649381644608375 0.6808715773235634 0.024517248860924278 0.06209024296182029
397 0.7499457582989802 0.8557655225607405 0.024083315252766326 0.06170458927882761
398 0.724777609025819 0.8846895487851909 0.024083315252766326 0.06170458927882761
399 0.9359947927967021 0.7913613575009641 0.024734215665003254 0.062475896644812956
401 0.8301149924061618 0.7842267643655997 0.024300282056845302 0.06209024296182029
402 0.5919939249294858 0.8655996914770536 0.03232805380776741 0.08214423447743927
404 0.8592970275547841 0.7851908985730813 0.03276198741592536 0.08330119552641728
406 0.6238880451290952 0.8416891631315079 0.03189412019960946 0.08214423447743927
407 0.819700585810371 0.9213266486694948 0.03254502061184639 0.08252988816043193
408 0.5599913213278368 0.8931739298110297 0.03254502061184639 0.08252988816043193
410 0.7605771316988501 0.9064789818742769 0.03232805380776741 0.08214423447743927
412 0.8283792579735301 0.8393752410335519 0.03254502061184639 0.0829155418434246
413 0.9484703840312432 0.7437331276513691 0.033195921024083315 0.08368684920940996
414 0.6336515513126492 0.7601234091785577 0.03189412019960946 0.08175858079444659
415 0.6730310262529833 0.8094870806016198 0.03167715339553048 0.08175858079444659
416 0.5279887177261879 0.9209409949865022 0.03276198741592536 0.08252988816043193
417 0.8903232805380776 0.7510605476282298 0.03276198741592536 0.0829155418434246
419 0.847255369928401 0.7040107983031237 0.03254502061184639 0.0829155418434246
420 0.891733564764591 0.8407250289240262 0.03297895422000434 0.08330119552641728
422 0.5705142113256672 0.7834554569996144 0.03232805380776741 0.08214423447743927
424 0.49576914732045996 0.9400308522946395 0.03297895422000434 0.0829155418434246
426 0.7865046647862877 0.7508677207867335 0.032111087003688435 0.08252988816043193
427 0.7047081796485137 0.8214423447743926 0.03167715339553048 0.08175858079444659
431 0.5914515079192884 0.8432317778634786 0.04035582555868952 0.10296953335904357
432 0.8615751789976134 0.7788276128037023 0.040789759166847475 0.10374084072502893
434 0.8187242351920156 0.9032009255688391 0.04100672597092645 0.10335518704203625
435 0.631156433065741 0.786733513305052 0.03992189195053157 0.10258387967605091
437 0.7645910175743111 0.8962591592749711 0.04035582555868952 0.10258387967605091
438 0.9445649815578216 0.7460470497493251 0.0414406595790844 0.10451214809101426
439 0.6770449121284443 0.8154647126880061 0.039704925146452595 0.10219822599305824
441 0.6002386634844868 0.9452371770150405 0.0405727923627685 0.10258387967605091
443 0.899978303319592 0.7119166988044736 0.040789759166847475 0.1041264944080216
444 0.8221957040572793 0.7805630543771693 0.0405727923627685 0.10335518704203625
445 0.5518550661748752 0.8380254531430775 0.0405727923627685 0.10335518704203625
446 0.9023649381644608 0.8586579251831855 0.04122369277500543 0.10374084072502893
448 0.7166413538728574 0.8235634400308522 0.03992189195053157 0.10219822599305824
449 0.7824907789108266 0.7572310065561126 0.04013885875461055 0.10296953335904357
451 0.6081579518333695 0.829155418434246 0.04816663050553265 0.12340917855765522
452 0.8687350835322196 0.7726571538758196 0.049034497721848556 0.12456613960663325
454 0.8291386417878065 0.9087929039722329 0.04925146452592753 0.1237948322406479
456 0.7653504013885876 0.8860393366756653 0.04838359730961163 0.12302352487466256
457 0.6555651985246257 0.7888546085615118 0.047515730093295724 0.12302352487466256
458 0.5606422217400737 0.8281912842267644 0.048600564113690604 0.1237948322406479
459 0.703189412019961 0.8175858079444659 0.0477326968973747 0.12263787119166988
460 0.940876545888479 0.7564596991901272 0.049685398134085484 0.1253374469726186
461 0.8213278368409633 0.7701504049363671 0.04838359730961163 0.12418048592364057
464 0.8551746582772836 0.7587736212880833 0.05706226947277067 0.14539143848823757
465 0.6200911260577132 0.798688777477825 0.05597743545237579 0.1434631700732742
467 0.8253417227164244 0.9230620902429618 0.057279236276849645 0.14462013112225222
469 0.7676285528314168 0.8758195140763594 0.05641136906053374 0.14423447743925955
470 0.6881102191364721 0.8276128037022753 0.05576046864829681 0.14269186270728884
471 0.9364287264048601 0.7217508677207868 0.0577131698850076 0.1461627458542229
475 0.8621175960078108 0.7481681450057848 0.06530700802777176 0.1658310836868492
476 0.6238880451290952 0.8048592364057077 0.0640052072032979 0.16428846895487853
479 0.7525493599479279 0.8738912456613961 0.06443914081145585 0.16428846895487853
480 0.688978086352788 0.8337832626301581 0.06357127359513995 0.16351716158889318
481 0.9327402907355175 0.7364057076745083 0.06595790844000868 0.16698804473582723
484 0.8586461271425472 0.7828769764751253 0.07355174658277283 0.18665638256845352
485 0.6261661965719245 0.8150790590050135 0.07203297895422 0.18472811415349016
487 0.778802343241484 0.8549942151947552 0.07268387936645693 0.18511376783648284
488 0.6977652419179865 0.8274199768607791 0.07159904534606205 0.1839568067875048
489 0.9290518550661748 0.742576166602391 0.07420264699500977 0.18781334361743154
491 0.8577782599262312 0.7686077902043964 0.08136255152961597 0.20748168145005785
493 0.661857235842916 0.7929039722329349 0.07962681709698416 0.20439645198611647
494 0.774788457366023 0.8490165831083687 0.08071165111737905 0.20555341303509447
