6 0.42547190279887176 0.7186656382568454 0.008678672163159037 0.020439645198611647
7 0.4631156433065741 0.05302738141149248 0.00846170535908006 0.020439645198611647
12 0.4433716641353873 0.06151176243733128 0.00846170535908006 0.020439645198611647
22 0.42048166630505535 0.7757423833397609 0.008678672163159037 0.020439645198611647
25 0.46072900846170534 0.8118010026995758 0.008895638967238013 0.02082529888160432
28 0.45530483835973096 0.7915541843424605 0.008895638967238013 0.020439645198611647
29 0.5614016055543501 0.43694562283069804 0.008895638967238013 0.02082529888160432
30 0.4467346495986114 0.799845738526803 0.008678672163159037 0.02082529888160432
31 0.42926882187025384 0.7919398380254531 0.008895638967238013 0.020439645198611647
33 0.6244304621392927 0.7319706903200925 0.009112605771316989 0.02082529888160432
36 0.6188978086352788 0.6137678364828384 0.008895638967238013 0.021210952564596992
41 0.3391191147754394 0.8212495179328962 0.008678672163159037 0.020439645198611647
43 0.6337600347146887 0.7680293096799075 0.009112605771316989 0.021210952564596992
45 0.4379474940334129 0.7795989201696876 0.008895638967238013 0.020439645198611647
46 0.41191147754393576 0.7923254917084458 0.008895638967238013 0.020439645198611647
48 0.5908006075070514 0.06401851137678365 0.008678672163159037 0.02082529888160432
57 0.4694076806248644 0.8116081758580794 0.008895638967238013 0.020439645198611647
59 0.4520503362985463 0.8200925568839182 0.008895638967238013 0.020439645198611647
60 0.4596441744413105 0.03258773621288083 0.00846170535908006 0.020439645198611647
65 0.5990453460620525 0.059583494022367914 0.008678672163159037 0.021210952564596992
66 0.4036667389889347 0.44986502121095256 0.00846170535908006 0.020439645198611647
70 0.6206335430679106 0.7115310451214809 0.008895638967238013 0.02082529888160432
71 0.40854849208071164 0.40088700347088313 0.008678672163159037 0.020439645198611647
76 0.45476242134953354 0.4733898958735056 0.008678672163159037 0.020439645198611647
77 0.4433716641353873 0.8202853837254146 0.008895638967238013 0.02082529888160432
78 0.4380559774354524 0.8000385653682993 0.008678672163159037 0.020439645198611647
79 0.505098719895856 0.1047049749325106 0.008678672163159037 0.020439645198611647
85 0.4432631807333478 0.04107211723871963 0.008244738555001085 0.020439645198611647
86 0.42764157083966153 0.8123794832240648 0.008678672163159037 0.020439645198611647
94 0.47157734866565415 0.060933281912842266 0.00846170535908006 0.02082529888160432
96 0.43122152310696465 0.8366756652526032 0.008895638967238013 0.020439645198611647
104 0.44011716207420265 0.8571153104512148 0.008895638967238013 0.020439645198611647
105 0.46159687567802127 0.9259544928654069 0.008895638967238013 0.02082529888160432
107 0.44358863093946627 0.08195140763594293 0.00846170535908006 0.020439645198611647
109 0.44272076372315033 0.4571924411878133 0.00846170535908006 0.020439645198611647
111 0.5109568236059883 0.3289625915927497 0.008678672163159037 0.02082529888160432
115 0.6072900846170536 0.05900501349787891 0.008678672163159037 0.02082529888160432
118 0.6316988500759384 0.5640185113767836 0.008895638967238013 0.021210952564596992
119 0.5054241701019744 0.12514462013112226 0.00846170535908006 0.020439645198611647
122 0.4291603384682144 0.7715001928268415 0.008678672163159037 0.020439645198611647
124 0.6193317422434368 0.6340146548399537 0.008895638967238013 0.02082529888160432
125 0.5643306574094163 0.40030852294639413 0.008678672163159037 0.02082529888160432
127 0.5474072466912563 0.16004627844195912 0.008678672163159037 0.02082529888160432
129 0.47613365155131265 0.024103355187042035 0.00846170535908006 0.020439645198611647
132 0.4724452158819701 0.7543386039336676 0.008895638967238013 0.02082529888160432
134 0.45628118897808634 0.012340917855765523 0.008244738555001085 0.02082529888160432
135 0.40854849208071164 0.8127651369070574 0.008678672163159037 0.020439645198611647
138 0.5698633109134302 0.43270343231777864 0.008895638967238013 0.02082529888160432
141 0.4977218485571708 0.6883918241419206 0.008678672163159037 0.02082529888160432
144 0.5205033629854632 0.41843424604704976 0.008678672163159037 0.02082529888160432
145 0.4443480147537427 0.432896259159275 0.008678672163159037 0.020439645198611647
146 0.6334345845085702 0.7477824913227922 0.008895638967238013 0.02082529888160432
150 0.6236710783250162 0.5931353644427304 0.008895638967238013 0.02082529888160432
152 0.49848123237144715 0.9411878133436175 0.008895638967238013 0.020439645198611647
153 0.4594272076372315 0.8810258387967606 0.008895638967238013 0.020439645198611647
157 0.5707311781297462 0.7304280755881218 0.008895638967238013 0.02082529888160432
160 0.4381644608374919 0.016775935210181257 0.00846170535908006 0.020439645198611647
161 0.4205901497070948 0.7961820285383725 0.008895638967238013 0.020439645198611647
163 0.43501844217834673 0.0414577709217123 0.008244738555001085 0.020439645198611647
165 0.49674549793881534 0.09274971075973776 0.00846170535908006 0.020439645198611647
167 0.42048166630505535 0.7553027381411492 0.008678672163159037 0.020439645198611647
170 0.5994792796702104 0.47589664481295796 0.008678672163159037 0.02082529888160432
171 0.4486873508353222 0.8405322020825299 0.008678672163159037 0.020439645198611647
179 0.5024951182469082 0.325106054762823 0.008678672163159037 0.02082529888160432
180 0.36515513126491644 0.8540300809872734 0.008678672163159037 0.020439645198611647
185 0.4528097201128227 0.8058233706131893 0.017791277934476026 0.041264944080215964
186 0.42319375135604254 0.7819128422676437 0.01757431113039705 0.041264944080215964
190 0.4426122803211109 0.059583494022367914 0.01692341071816012 0.041264944080215964
192 0.4656107615534823 0.04685692248360972 0.01692341071816012 0.041264944080215964
194 0.6251898459535691 0.7258002313922098 0.018008244738555 0.04165059776320864
196 0.43556085918854415 0.8224064789818742 0.01757431113039705 0.041264944080215964
202 0.5640052072032979 0.4350173544157347 0.01757431113039705 0.04165059776320864
208 0.5043393360815795 0.11087543386039336 0.017140377522239097 0.041264944080215964
213 0.631156433065741 0.7662938681064404 0.018225211542633978 0.04165059776320864
217 0.4701670644391408 0.8054377169301967 0.017791277934476026 0.041264944080215964
218 0.42796702104578 0.7124951793289626 0.01757431113039705 0.041264944080215964
219 0.6231286613148188 0.6074045507134593 0.017791277934476026 0.04165059776320864
220 0.6289867650249512 0.5539915156189742 0.017791277934476026 0.04203625144620131
223 0.4405510956823606 0.781527188584651 0.01757431113039705 0.041264944080215964
228 0.4060533738338034 0.41110682607018895 0.017140377522239097 0.040879290397223295
233 0.49511824690822304 0.6862707288854608 0.017791277934476026 0.041264944080215964
236 0.4375135604252549 0.8632857693790976 0.01757431113039705 0.041264944080215964
237 0.40583640702972446 0.7984959506363286 0.01757431113039705 0.041264944080215964
239 0.544912128444348 0.16236020053991515 0.017140377522239097 0.04165059776320864
241 0.4521588197005858 0.47531816428846896 0.017357344326318074 0.041264944080215964
243 0.5950314601865915 0.06594677979174701 0.017140377522239097 0.04165059776320864
244 0.47331308309828596 0.7564596991901272 0.01757431113039705 0.041264944080215964
245 0.4658277283575613 0.9238333976089471 0.017791277934476026 0.041264944080215964
247 0.369494467346496 0.8557655225607405 0.017357344326318074 0.040879290397223295
251 0.5748535474072467 0.479367527959892 0.01757431113039705 0.04165059776320864
254 0.401063137339987 0.45198611646741227 0.017140377522239097 0.040879290397223295
255 0.5084617053590801 0.32684149633629 0.017140377522239097 0.041264944080215964
257 0.5967671946192232 0.4701118395680679 0.01757431113039705 0.04165059776320864
259 0.5616185723584292 0.39413806401851137 0.01757431113039705 0.04165059776320864
260 0.6276849642004774 0.48052448900887 0.017791277934476026 0.04165059776320864
261 0.5082447385550011 0.15156189741612033 0.017140377522239097 0.04165059776320864
262 0.4776524191798655 0.6704589278827613 0.01757431113039705 0.041264944080215964
265 0.42601431980906923 0.05996914770536058 0.016706443914081145 0.041264944080215964
266 0.43284877413755696 0.10046278441959121 0.01692341071816012 0.041264944080215964
272 0.5010848340203948 0.951214809101427 0.018008244738555 0.041264944080215964
274 0.44847038403124323 0.8079444658696491 0.026469950097635062 0.06170458927882761
278 0.4223258841397266 0.78789047435403 0.026252983293556086 0.06170458927882761
283 0.4515079192883489 0.040879290397223295 0.025168149273161206 0.06170458927882761
284 0.5646561076155349 0.4246047049749325 0.026252983293556086 0.062475896644812956
287 0.6282273812106748 0.7479753181642884 0.02712085050987199 0.06286155032780563
290 0.5085701887611196 0.12090242961820286 0.025602082881319158 0.06209024296182029
300 0.47439791711868085 0.7869263401465484 0.02668691690171404 0.06209024296182029
301 0.4717943154697331 0.8970304666409564 0.02668691690171404 0.06170458927882761
302 0.40865697548275115 0.4251831854994215 0.025819049685398134 0.06131893559583494
304 0.4269906704274246 0.06594677979174701 0.025168149273161206 0.06170458927882761
305 0.4763506183553916 0.044350173544157344 0.025385116077240182 0.06170458927882761
307 0.4821002386634845 0.680678750482067 0.026469950097635062 0.06170458927882761
308 0.432414840529399 0.7265715387581951 0.026469950097635062 0.06170458927882761
314 0.4261228032111087 0.849209409949865 0.026469950097635062 0.06170458927882761
315 0.3756780212627468 0.8455456999614346 0.026252983293556086 0.06131893559583494
316 0.4529182035148622 0.45699961434631703 0.025819049685398134 0.06170458927882761
317 0.6259492297678455 0.6174315464712689 0.026903883705793014 0.062475896644812956
318 0.6313733998698199 0.543578866178172 0.026903883705793014 0.06286155032780563
322 0.5740941635929703 0.4855379868877748 0.026469950097635062 0.062475896644812956
323 0.5053156866999349 0.932896259159275 0.026903883705793014 0.06170458927882761
324 0.5407897591668475 0.16448129579637485 0.025819049685398134 0.06209024296182029
325 0.4583423736168366 0.7261858850752024 0.026252983293556086 0.06170458927882761
327 0.5969841614233022 0.039336675665252605 0.025819049685398134 0.062475896644812956
329 0.3460620525059666 0.805052063247204 0.02603601648947711 0.06131893559583494
334 0.4793881536124973 0.9662553027381412 0.02668691690171404 0.06209024296182029
336 0.4259058364070297 0.4863092942537601 0.02603601648947711 0.06170458927882761
337 0.6234541115209373 0.48283841110682607 0.02668691690171404 0.062475896644812956
339 0.44065957908440007 0.8019668337832626 0.0351486222607941 0.08214423447743927
341 0.45074853547407245 0.04300038565368299 0.03362985463224127 0.08214423447743927
347 0.5656324582338902 0.4307751639028153 0.0351486222607941 0.08330119552641728
351 0.40594489043176396 0.7942537601234092 0.0351486222607941 0.08214423447743927
354 0.6324582338902148 0.7416120323949094 0.03601648947711 0.08330119552641728
356 0.4752657843349967 0.7807558812186657 0.035365589064873075 0.08214423447743927
358 0.5062920373182903 0.12707288854608562 0.03406378824039922 0.0829155418434246
361 0.4128878281622912 0.4313536444273043 0.034280755044478195 0.08214423447743927
362 0.47450640052072035 0.9072502892402623 0.03558255586895205 0.08214423447743927
363 0.47797786938598397 0.6868492094099499 0.0351486222607941 0.08252988816043193
364 0.44022564547624216 0.7204010798303124 0.0351486222607941 0.08252988816043193
367 0.3696029507485355 0.8395680678750482 0.03493165545671512 0.08175858079444659
369 0.4470600998047299 0.45931353644427303 0.03449772184855717 0.08252988816043193
370 0.5097635061835539 0.9348245275742383 0.03579952267303103 0.08252988816043193
371 0.6314818832718594 0.590628615503278 0.03579952267303103 0.08368684920940996
373 0.4178780646561076 0.07616660239105283 0.03341288782816229 0.08214423447743927
378 0.4838359730961163 0.04627844195912071 0.03384682143632024 0.08252988816043193
380 0.5399218919505315 0.1583108368684921 0.03449772184855717 0.0829155418434246
382 0.4364287264048601 0.8040879290397224 0.04404426122803211 0.10258387967605091
390 0.576914732045997 0.44446586964905516 0.04382729442395313 0.10374084072502893
397 0.41212844434801477 0.4415734670266101 0.04274246040355825 0.10258387967605091
398 0.4737470167064439 0.701311222522175 0.04404426122803211 0.10296953335904357
400 0.47895422000433935 0.9049363671423062 0.04447819483619006 0.10296953335904357
401 0.5189845953569104 0.1450057848052449 0.04295942720763723 0.10335518704203625
402 0.6315903666738989 0.7394909371384497 0.04512909524842699 0.10451214809101426
406 0.3722065523974832 0.8578866178172001 0.043610327619874156 0.10219822599305824
408 0.4138641787806466 0.086579251831855 0.041874593187242355 0.10296953335904357
409 0.45465393794749404 0.4406093328191284 0.043176394011716204 0.10296953335904357
410 0.4797136038186158 0.8031237948322406 0.044261228032111084 0.10296953335904357
412 0.5335213712302018 0.3729271114539144 0.04339336081579518 0.10335518704203625
414 0.43729659362117596 0.8019668337832626 0.05272293339119115 0.12302352487466256
424 0.5761553482317205 0.44658696490551486 0.05272293339119115 0.12495179328962591
426 0.42319375135604254 0.43925954492865404 0.05142113256671729 0.12340917855765522
428 0.47993057062269473 0.7113382182799846 0.052939900195270125 0.1237948322406479
430 0.5214797136038186 0.14269186270728884 0.05142113256671729 0.12418048592364057
434 0.38511607724018226 0.8191284226764366 0.05250596658711217 0.12263787119166988
435 0.6271425471902798 0.7337061318935596 0.054024734215665005 0.1253374469726186
436 0.40637882403992187 0.08465098341689163 0.05033629854632241 0.12302352487466256
437 0.5241917986548058 0.36714230620902427 0.05207203297895422 0.12418048592364057
438 0.441527446300716 0.7753567296567683 0.06161857235842916 0.14384882375626687
449 0.4257973530049902 0.4330890860007713 0.060099804729876326 0.1434631700732742
451 0.5734432631807334 0.432317778634786 0.06161857235842916 0.14577709217123022
453 0.3807767411586027 0.8089086000771307 0.061184638750271206 0.14307751639028152
454 0.5206118463875027 0.13652140377940608 0.060099804729876326 0.1450057848052449
457 0.4458667823822955 0.7772849980717316 0.0702972445215882 0.16467412263787118
466 0.42482100238663484 0.414577709217123 0.06856151008895639 0.16428846895487853
467 0.5483835973096116 0.40281527188584654 0.07008027771750922 0.16621673736984188
470 0.37654588847906273 0.8067875048206711 0.06964634410935126 0.16351716158889318
471 0.4134302451724886 0.15792518318549942 0.06747667606856152 0.16390281527188585
473 0.4451073985680191 0.7875048206710374 0.07919288348882621 0.18511376783648284
480 0.4291603384682144 0.42074816814500576 0.07724018225211543 0.18511376783648284
481 0.5441527446300716 0.4010798303123795 0.07854198307658929 0.18665638256845352
483 0.4111520937296594 0.17624373312765138 0.07593838142764157 0.1843424604704975
485 0.445975265784335 0.7813343617431546 0.08787155565198525 0.20593906671808715
490 0.5417661097852029 0.40300809872734283 0.08722065523974831 0.20748168145005785
491 0.42655673681926665 0.40242961820285383 0.08591885441527446 0.20555341303509447
