2 0.18138424821002386 0.28345545699961433 0.008678672163159037 0.02082529888160432
4 0.449989151659796 0.23467026610104127 0.008678672163159037 0.020439645198611647
6 0.18984595356910391 0.2795989201696876 0.008678672163159037 0.02082529888160432
7 0.1782382295508787 0.2630158118010027 0.00846170535908006 0.02082529888160432
8 0.4583423736168366 0.23447743925954492 0.00846170535908006 0.02082529888160432
11 0.23551746582772837 0.21538758195140764 0.00846170535908006 0.020439645198611647
12 0.45812540681275765 0.2140377940609333 0.00846170535908006 0.02082529888160432
14 0.1866999349099588 0.259159274971076 0.00846170535908006 0.02082529888160432
15 0.4646344109351269 0.18935595834940225 0.00846170535908006 0.02082529888160432
16 0.198307658928184 0.26764365599691475 0.008678672163159037 0.02082529888160432
17 0.4668040789759167 0.23833397608947166 0.00846170535908006 0.02082529888160432
18 0.17509221089173357 0.2423833397608947 0.008678672163159037 0.020439645198611647
19 0.2270557604686483 0.2315850366370999 0.00846170535908006 0.020439645198611647
20 0.472879149490128 0.17682221365214038 0.00846170535908006 0.020439645198611647
21 0.522022130614016 0.3586579251831855 0.008678672163159037 0.02082529888160432
22 0.46647862876979823 0.20960277670651756 0.008678672163159037 0.020439645198611647
23 0.21870253851160773 0.2354415734670266 0.008678672163159037 0.020439645198611647
24 0.23747016706443913 0.19494793675279598 0.00846170535908006 0.020439645198611647
25 0.5136689086569755 0.3629001156961049 0.008895638967238013 0.02082529888160432
26 0.47515730093295727 0.24199768607790204 0.008678672163159037 0.020439645198611647
27 0.5053156866999349 0.367527959892017 0.008678672163159037 0.02082529888160432
30 0.22727272727272727 0.21114539143848823 0.00846170535908006 0.020439645198611647
31 0.17357344326318072 0.22194369456228308 0.008678672163159037 0.020439645198611647
32 0.48123237144716857 0.17662938681064405 0.008678672163159037 0.02082529888160432
33 0.47494033412887826 0.22175086772078673 0.008678672163159037 0.02082529888160432
34 0.4747233673247993 0.19706903200925568 0.008678672163159037 0.02082529888160432
35 0.19516164026903884 0.2470111839568068 0.00846170535908006 0.020439645198611647
36 0.18344543284877413 0.23871962977246433 0.00846170535908006 0.02082529888160432
37 0.4836190062920373 0.2418048592364057 0.008678672163159037 0.02082529888160432
39 0.5037969190713821 0.3879676050906286 0.008678672163159037 0.02082529888160432
40 0.23747016706443913 0.17450829155418435 0.00846170535908006 0.020439645198611647
41 0.49685398134085484 0.3636714230620902 0.008678672163159037 0.02082529888160432
42 0.1963549576914732 0.5285383725414577 0.008678672163159037 0.020439645198611647
43 0.20687784768930353 0.2554955649826456 0.00846170535908006 0.020439645198611647
46 0.21034931655456715 0.23524874662553028 0.00846170535908006 0.02082529888160432
47 0.48947711000216965 0.17219436945622832 0.008678672163159037 0.020439645198611647
48 0.20481666305055327 0.520632472040108 0.008678672163159037 0.02082529888160432
49 0.18767628552831417 0.5366370998843039 0.008678672163159037 0.020439645198611647
50 0.495552180516381 0.3964519861164674 0.008678672163159037 0.02082529888160432
52 0.4830765892818399 0.19687620516775936 0.00846170535908006 0.020439645198611647
53 0.2188110219136472 0.21500192826841497 0.00846170535908006 0.020439645198611647
54 0.22900846170535907 0.1907057462398766 0.00846170535908006 0.020439645198611647
55 0.48340203948795835 0.22136521403779405 0.008678672163159037 0.02082529888160432
57 0.4918637448470384 0.23332047821056692 0.008678672163159037 0.02082529888160432
58 0.5106313733998699 0.13054377169301967 0.00846170535908006 0.020439645198611647
59 0.4883922759817748 0.3640570767450829 0.008678672163159037 0.02082529888160432
60 0.1721631590366674 0.20150404936367142 0.00846170535908006 0.020439645198611647
61 0.5024951182469082 0.14307751639028152 0.008678672163159037 0.02082529888160432
62 0.27348665654154913 0.43212495179328964 0.00846170535908006 0.020439645198611647
65 0.4089824256888696 0.38237562668723485 0.008678672163159037 0.020439645198611647
66 0.47993057062269473 0.36424990358657927 0.008678672163159037 0.020439645198611647
67 0.2359513994358863 0.15406864635557269 0.00846170535908006 0.020439645198611647
68 0.13831633760034714 0.09429232549170845 0.00846170535908006 0.020439645198611647
69 0.1820351486222608 0.21827998457385267 0.008678672163159037 0.02082529888160432
70 0.4443480147537427 0.3694562283069803 0.008678672163159037 0.02082529888160432
71 0.4916467780429594 0.21288083301195526 0.008678672163159037 0.02082529888160432
72 0.283684096333261 0.4240262244504435 0.00846170535908006 0.020439645198611647
73 0.49142981123888047 0.19244118781334363 0.008678672163159037 0.02082529888160432
74 0.2134953352137123 0.5127265715387582 0.008678672163159037 0.020439645198611647
75 0.5188761119548709 0.12186656382568453 0.00846170535908006 0.02082529888160432
76 0.17899761336515513 0.5445430003856537 0.008678672163159037 0.02082529888160432
77 0.4870904751573009 0.4089857308137293 0.008678672163159037 0.020439645198611647
78 0.4977218485571708 0.1637099884303895 0.008678672163159037 0.020439645198611647
79 0.47146886526361464 0.368684920940995 0.008678672163159037 0.02082529888160432
80 0.4528097201128227 0.369263401465484 0.008678672163159037 0.020439645198611647
81 0.4630071599045346 0.3688777477824913 0.008678672163159037 0.020439645198611647
82 0.48687350835322196 0.38449672194369455 0.008678672163159037 0.02082529888160432
83 0.41744413104794964 0.38237562668723485 0.008678672163159037 0.020439645198611647
84 0.12367107832501627 0.06922483609718473 0.008678672163159037 0.020439645198611647
85 0.16901714037752225 0.18106440416505978 0.008678672163159037 0.020439645198611647
86 0.527120850509872 0.11762437331276514 0.00846170535908006 0.02082529888160432
88 0.09264482534172272 0.039336675665252605 0.008678672163159037 0.02082529888160432
89 0.1919071382078542 0.22657153875819513 0.00846170535908006 0.020439645198611647
91 0.10088956389672381 0.039722329348245274 0.008678672163159037 0.02082529888160432
93 0.29214580169234106 0.4197840339375241 0.00846170535908006 0.020439645198611647
94 0.4359947927967021 0.37369841881989974 0.00846170535908006 0.02082529888160432
96 0.5001084834020395 0.2248360971847281 0.008678672163159037 0.02082529888160432
97 0.24441310479496636 0.47261858850752025 0.00846170535908006 0.020439645198611647
98 0.20199609459752657 0.2269571924411878 0.008678672163159037 0.020439645198611647
99 0.081145584725537 0.030466640956421133 0.008678672163159037 0.02082529888160432
100 0.1730310262529833 0.28326263015811803 0.00846170535908006 0.020439645198611647
101 0.4005207203297895 0.3825684535287312 0.008678672163159037 0.02082529888160432
102 0.2649164677804296 0.44022367913613575 0.008678672163159037 0.020439645198611647
103 0.4786287697982209 0.41322792132664865 0.008678672163159037 0.020439645198611647
104 0.32100238663484487 0.4240262244504435 0.00846170535908006 0.020439645198611647
105 0.42753308743762203 0.37794060933281914 0.00846170535908006 0.02082529888160432
106 0.32946409199392496 0.4240262244504435 0.00846170535908006 0.020439645198611647
107 0.5353655890648731 0.11299652911685307 0.00846170535908006 0.02082529888160432
108 0.22748969407680625 0.17026610104126494 0.00846170535908006 0.020439645198611647
109 0.30060750705142114 0.41997686077902047 0.00846170535908006 0.020053991515618975
111 0.4784118029941419 0.38873891245661396 0.008678672163159037 0.02082529888160432
113 0.49967454979388154 0.1839568067875048 0.008678672163159037 0.02082529888160432
114 0.337925797353005 0.4282684149633629 0.00846170535908006 0.020439645198611647
115 0.21056628335864613 0.2148091014269186 0.00846170535908006 0.02082529888160432
116 0.10023866348448687 0.0844581565753953 0.008678672163159037 0.02082529888160432
118 0.6152093729659363 0.19436945622830698 0.008895638967238013 0.02082529888160432
119 0.16749837274896942 0.16062475896644812 0.008678672163159037 0.020439645198611647
120 0.10913430245172488 0.04010798303123795 0.008678672163159037 0.02082529888160432
121 0.13191581688001736 0.07365985345160046 0.008678672163159037 0.02082529888160432
122 0.23443263180733348 0.13362900115696105 0.00846170535908006 0.020439645198611647
124 0.5109568236059883 0.15079059005013498 0.008678672163159037 0.02082529888160432
125 0.3125406812757648 0.4240262244504435 0.00846170535908006 0.020439645198611647
126 0.4998915165979605 0.20439645198611647 0.008678672163159037 0.02082529888160432
127 0.5437188110219137 0.11261087543386039 0.008678672163159037 0.02082529888160432
128 0.20481666305055327 0.5410721172387196 0.008678672163159037 0.02082529888160432
129 0.4703840312432198 0.4298110296953336 0.008678672163159037 0.020439645198611647
130 0.2529832935560859 0.46451986116467414 0.008678672163159037 0.020439645198611647
131 0.46995009763506185 0.3891245661396066 0.008678672163159037 0.02082529888160432
132 0.07311781297461488 0.021982259930582337 0.008678672163159037 0.02082529888160432
133 0.6068561510088957 0.19514076359429233 0.008678672163159037 0.02082529888160432
134 0.220763723150358 0.1907057462398766 0.00846170535908006 0.020439645198611647
136 0.18745931872423519 0.5568839182414193 0.008678672163159037 0.02082529888160432
137 0.18051638099370795 0.19784033937524104 0.008678672163159037 0.02082529888160432
138 0.5552180516380993 0.1041264944080216 0.008678672163159037 0.02082529888160432
140 0.46148839227598176 0.38931739298110296 0.008678672163159037 0.020439645198611647
141 0.5985029290518551 0.195526417277285 0.008895638967238013 0.02082529888160432
142 0.19613799088739423 0.5489780177400694 0.008678672163159037 0.020439645198611647
143 0.3515947060099805 0.43212495179328964 0.00846170535908006 0.020439645198611647
144 0.5192015621609893 0.1423062090242962 0.008678672163159037 0.02082529888160432
145 0.46203080928617923 0.4463941380640185 0.008895638967238013 0.020439645198611647
146 0.08960729008461706 0.018511376783648285 0.008678672163159037 0.02082529888160432
147 0.5901497070948145 0.19205553413035095 0.008678672163159037 0.02082529888160432
148 0.4701670644391408 0.4095642113382183 0.008678672163159037 0.02082529888160432
149 0.5218051638099371 0.21172387196297723 0.008678672163159037 0.02082529888160432
150 0.4512909524842699 0.38970304666409566 0.008678672163159037 0.020439645198611647
151 0.22195704057279236 0.5088700347088315 0.008678672163159037 0.020439645198611647
152 0.5079192883488827 0.17142306209024297 0.008678672163159037 0.020439645198611647
153 0.45367758732913865 0.4548785190898573 0.008678672163159037 0.020439645198611647
154 0.44521588197005857 0.4631700732741998 0.008678672163159037 0.02082529888160432
155 0.4332827077457149 0.4757038179714616 0.008678672163159037 0.020439645198611647
157 0.27337817313950963 0.45256459699190127 0.008678672163159037 0.020439645198611647
158 0.21327836840963332 0.5331662167373699 0.008678672163159037 0.020439645198611647
159 0.5816880017357344 0.19244118781334363 0.008678672163159037 0.02082529888160432
161 0.5083532219570406 0.21635171615888932 0.008678672163159037 0.02082529888160432
162 0.5682360598828379 0.18897030466640957 0.008678672163159037 0.02082529888160432
163 0.14471685832067693 0.11492479753181643 0.008678672163159037 0.02082529888160432
164 0.42601431980906923 0.3983802545314308 0.00846170535908006 0.02082529888160432
165 0.5304838359730961 0.35403008098727345 0.008678672163159037 0.02082529888160432
167 0.46192232588413973 0.4261473197069032 0.008678672163159037 0.02082529888160432
168 0.540030375352571 0.2067103740840725 0.008678672163159037 0.02082529888160432
169 0.261444998915166 0.4604704974932511 0.008678672163159037 0.02082529888160432
170 0.4361032761987416 0.39413806401851137 0.008678672163159037 0.02082529888160432
171 0.1737904100672597 0.564789818742769 0.008678672163159037 0.020439645198611647
172 0.12996311564330656 0.09390667180871577 0.008678672163159037 0.020439645198611647
174 0.2819483619006292 0.44446586964905516 0.00846170535908006 0.020439645198611647
175 0.5832067693642873 0.09429232549170845 0.008678672163159037 0.021210952564596992
176 0.41755261444998915 0.4026224450443502 0.00846170535908006 0.02082529888160432
177 0.23443263180733348 0.11338218279984574 0.00846170535908006 0.02082529888160432
178 0.08418311998264266 0.05090628615503278 0.008678672163159037 0.02082529888160432
179 0.5482751139075721 0.1982259930582337 0.008678672163159037 0.02082529888160432
180 0.2513560425254936 0.05244890088700347 0.00846170535908006 0.02082529888160432
181 0.5599913213278368 0.19359814886232163 0.008678672163159037 0.02082529888160432
182 0.19049685398134086 0.2061318935595835 0.008678672163159037 0.020439645198611647
183 0.29214580169234106 0.44022367913613575 0.00846170535908006 0.020439645198611647
185 0.5914515079192884 0.08985730813729272 0.008678672163159037 0.02082529888160432
186 0.42482100238663484 0.479946008484381 0.008678672163159037 0.020439645198611647
187 0.5300499023649382 0.21133821827998459 0.008678672163159037 0.02082529888160432
188 0.09796051204165762 0.018897030466640957 0.00846170535908006 0.02082529888160432
189 0.24256888696029508 0.49286540686463554 0.008678672163159037 0.02082529888160432
190 0.5634627901931004 0.10354801388353259 0.008678672163159037 0.021210952564596992
191 0.5081362551529616 0.1918627072888546 0.008678672163159037 0.020439645198611647
192 0.23551746582772837 0.23582722715001928 0.00846170535908006 0.020439645198611647
193 0.1153178563679757 0.07713073659853452 0.00846170535908006 0.02082529888160432
194 0.22597092644825342 0.1498264558426533 0.00846170535908006 0.020439645198611647
195 0.5521805163809937 0.12456613960663325 0.008678672163159037 0.02082529888160432
196 0.5996962464742894 0.08522946394138065 0.008678672163159037 0.02082529888160432
198 0.17737036233456283 0.17720786733513305 0.00846170535908006 0.020439645198611647
199 0.3600564113690605 0.43598148862321634 0.00846170535908006 0.020439645198611647
200 0.60804946843133 0.08465098341689163 0.008895638967238013 0.021210952564596992
201 0.16608808852245607 0.1401851137678365 0.00846170535908006 0.020439645198611647
202 0.6115209372965936 0.174315464712688 0.008895638967238013 0.02082529888160432
203 0.24831850726838794 0.011569610489780177 0.00846170535908006 0.02082529888160432
204 0.30234324148405295 0.44022367913613575 0.00846170535908006 0.020439645198611647
206 0.4163592970275548 0.4841881989973004 0.008678672163159037 0.020439645198611647
207 0.5164894771100021 0.19147705360586192 0.00846170535908006 0.020439645198611647
208 0.45346062052505964 0.43443887389124564 0.008678672163159037 0.020439645198611647
210 0.5389455413321762 0.1334361743154647 0.008678672163159037 0.02082529888160432
211 0.5274463007159904 0.13806401851137678 0.008678672163159037 0.02082529888160432
212 0.25287481015404645 0.4849595063632858 0.00846170535908006 0.020439645198611647
213 0.40290735517465825 0.4969147705360586 0.008678672163159037 0.020439645198611647
214 0.20210457799956608 0.20651754724257618 0.00846170535908006 0.020439645198611647
215 0.16988500759383815 0.26263015811801005 0.008678672163159037 0.02082529888160432
216 0.5280972011282273 0.19089857308137292 0.008678672163159037 0.02082529888160432
217 0.5750705142113257 0.09872734284612418 0.00846170535908006 0.02082529888160432
218 0.09166847472336732 0.10026995757809487 0.00846170535908006 0.02082529888160432
219 0.5161640269038837 0.17123023524874662 0.008678672163159037 0.02082529888160432
220 0.5595573877196789 0.17315850366371 0.008678672163159037 0.02082529888160432
221 0.11759600781080495 0.03220208252988816 0.008678672163159037 0.020439645198611647
222 0.43653720980689953 0.45526417277285 0.008678672163159037 0.020439645198611647
223 0.4449989151659796 0.44292325491708445 0.008678672163159037 0.020439645198611647
224 0.603167715339553 0.17470111839568067 0.008678672163159037 0.02082529888160432
225 0.04708179648513777 0.08985730813729272 0.008678672163159037 0.02082529888160432
226 0.4532436537209807 0.40994986502121095 0.008678672163159037 0.02082529888160432
228 0.5513126491646778 0.17778634785962205 0.008678672163159037 0.02082529888160432
229 0.5398134085484921 0.18627072888546087 0.008678672163159037 0.02082529888160432
230 0.3685181167281406 0.44022367913613575 0.00846170535908006 0.020439645198611647
231 0.10620525059665871 0.01928268414963363 0.00846170535908006 0.02082529888160432
232 0.568019093078759 0.1685306594677979 0.008678672163159037 0.02082529888160432
233 0.05879800390540248 0.08233706131893559 0.008678672163159037 0.021210952564596992
234 0.4447819483619006 0.4101426918627073 0.008678672163159037 0.020439645198611647
237 0.32946409199392496 0.44446586964905516 0.00846170535908006 0.020439645198611647
238 0.23291386417878066 0.0929425376012341 0.00846170535908006 0.02082529888160432
241 0.5605337383380343 0.12418048592364057 0.00846170535908006 0.02082529888160432
242 0.32100238663484487 0.44446586964905516 0.00846170535908006 0.020439645198611647
243 0.5376437405077024 0.15387581951407636 0.008678672163159037 0.02082529888160432
244 0.4280755044478195 0.4554569996143463 0.008678672163159037 0.02082529888160432
245 0.3125406812757648 0.44446586964905516 0.00846170535908006 0.020439645198611647
246 0.594706009980473 0.17123023524874662 0.008678672163159037 0.02082529888160432
247 0.2613365155131265 0.48071731585036637 0.00846170535908006 0.020439645198611647
248 0.21230201779127794 0.1945622830698033 0.00846170535908006 0.020439645198611647
249 0.5864612714254719 0.1716158889317393 0.008678672163159037 0.02082529888160432
250 0.1873508353221957 0.5773235634400309 0.008895638967238013 0.02082529888160432
251 0.14656107615534822 0.09448515233320479 0.00846170535908006 0.02082529888160432
252 0.4363202430028206 0.414577709217123 0.008678672163159037 0.02082529888160432
254 0.5560859188544153 0.153104512148091 0.008678672163159037 0.02082529888160432
255 0.57626383163376 0.17238719629772464 0.008678672163159037 0.02082529888160432
257 0.055109568236059885 0.10258387967605091 0.008678672163159037 0.02082529888160432
258 0.1324582338902148 0.43270343231777864 0.008895638967238013 0.02082529888160432
259 0.3756780212627468 0.5296953335904357 0.00846170535908006 0.020439645198611647
260 0.3974831850726839 0.4479367527959892 0.008678672163159037 0.020439645198611647
261 0.22195704057279236 0.5293096799074432 0.008678672163159037 0.020439645198611647
262 0.4278585376437405 0.4188198997300424 0.008678672163159037 0.02082529888160432
263 0.4162508136255153 0.46394138064018514 0.00846170535908006 0.02082529888160432
264 0.19592102408331524 0.569417662938681 0.008678672163159037 0.020439645198611647
265 0.4078975916684747 0.47628229849595066 0.008678672163159037 0.02082529888160432
266 0.3943371664135387 0.5050134978789047 0.00846170535908006 0.020439645198611647
267 0.4090909090909091 0.40281527188584654 0.00846170535908006 0.020439645198611647
268 0.14026903883705794 0.07404550713459314 0.00846170535908006 0.02082529888160432
269 0.3396615317856368 0.4485152333204782 0.00846170535908006 0.020053991515618975
271 0.43653720980689953 0.43482452757423834 0.008678672163159037 0.020439645198611647
272 0.2297678455196355 0.6477053605861935 0.008678672163159037 0.020439645198611647
275 0.07105662833586461 0.04203625144620131 0.00846170535908006 0.02082529888160432
277 0.09991321327836841 0.10489780177400694 0.00846170535908006 0.02082529888160432
278 0.20459969624647428 0.5615117624373313 0.008678672163159037 0.02082529888160432
279 0.2305272293339119 0.5131122252217508 0.00846170535908006 0.020439645198611647
280 0.21924495552180517 0.17026610104126494 0.00846170535908006 0.020439645198611647
281 0.14612714254719028 0.13536444273042808 0.00846170535908006 0.02082529888160432
282 0.6142330223475808 0.14539143848823757 0.008678672163159037 0.02082529888160432
283 0.2260794098502929 0.12938681064404164 0.008244738555001085 0.020439645198611647
284 0.18626600130180082 0.49980717315850365 0.008895638967238013 0.02082529888160432
285 0.23844651768279454 0.6477053605861935 0.008678672163159037 0.020439645198611647
286 0.40594489043176396 0.4517932896259159 0.008678672163159037 0.020439645198611647
287 0.5244087654588848 0.16274585422290783 0.008678672163159037 0.02082529888160432
288 0.21327836840963332 0.5534130350944851 0.008678672163159037 0.02082529888160432
289 0.5461054458667823 0.15734670266101042 0.008678672163159037 0.02082529888160432
291 0.18409633326101107 0.2732356344003085 0.017140377522239097 0.041264944080215964
292 0.45921024083315254 0.22811415349016584 0.017140377522239097 0.041264944080215964
294 0.2313950965502278 0.21326648669494794 0.017140377522239097 0.040879290397223295
295 0.47222824907789107 0.1870420362514462 0.017140377522239097 0.04165059776320864
296 0.2010197439791712 0.25742383339760894 0.017140377522239097 0.041264944080215964
297 0.4759166847472337 0.23177786347859622 0.017140377522239097 0.04165059776320864
298 0.17758732913864178 0.23235634400308522 0.017140377522239097 0.041264944080215964
299 0.5028205684530267 0.37369841881989974 0.01757431113039705 0.04165059776320864
301 0.4887177261878933 0.18241419205553414 0.017140377522239097 0.04165059776320864
302 0.23497504881753092 0.17258002313922097 0.01692341071816012 0.041264944080215964
303 0.4926231286613148 0.22310065561126108 0.017140377522239097 0.041264944080215964
304 0.48600564113690603 0.37427689934438874 0.017357344326318074 0.041264944080215964
305 0.2145801692341072 0.22117238719629773 0.01692341071816012 0.041264944080215964
307 0.20221306140160555 0.5308522946394139 0.017357344326318074 0.041264944080215964
308 0.18496420047732698 0.5466640956421134 0.01757431113039705 0.041264944080215964
309 0.5132349750488175 0.13652140377940608 0.017140377522239097 0.04165059776320864
310 0.46897374701670647 0.37485537986887774 0.017140377522239097 0.04165059776320864
311 0.1747667606856151 0.19147705360586192 0.017140377522239097 0.041264944080215964
312 0.4520503362985463 0.37543386039336674 0.017140377522239097 0.041264944080215964
313 0.09025819049685398 0.032973389895873506 0.017357344326318074 0.041264944080215964
314 0.5196354957691474 0.3607790204396452 0.017357344326318074 0.041264944080215964
315 0.27598177478845737 0.43810258387967604 0.01692341071816012 0.040879290397223295
316 0.41494901280104146 0.3885460856151176 0.017140377522239097 0.041264944080215964
317 0.293013668908657 0.4261473197069032 0.017140377522239097 0.040879290397223295
318 0.13592970275547842 0.08812186656382569 0.017140377522239097 0.041264944080215964
319 0.4352354089824257 0.38391824141920555 0.017357344326318074 0.041264944080215964
320 0.47624213495335216 0.4155418434246047 0.017357344326318074 0.041264944080215964
321 0.19451073985680192 0.21654454300038564 0.017140377522239097 0.041264944080215964
322 0.5297244521588197 0.12360200539915156 0.017140377522239097 0.041264944080215964
323 0.5054241701019744 0.17759352101812573 0.017140377522239097 0.041264944080215964
324 0.3252332393143849 0.4301966833783263 0.01692341071816012 0.04049363671423062
325 0.2485354740724669 0.47859622059390666 0.017140377522239097 0.040879290397223295
326 0.10685615100889564 0.03374469726185885 0.017140377522239097 0.041264944080215964
327 0.6108700368843567 0.18453528731199384 0.01757431113039705 0.04203625144620131
328 0.5463224126708613 0.11878133436174315 0.017357344326318074 0.04165059776320864
329 0.459318724235192 0.43636714230620904 0.017357344326318074 0.041264944080215964
330 0.21935343892384465 0.5188970304666409 0.017357344326318074 0.041264944080215964
331 0.23193751356042525 0.13170073274199767 0.01692341071816012 0.041264944080215964
332 0.5941635929702755 0.18549942151947552 0.01757431113039705 0.04165059776320864
333 0.522456064222174 0.20555341303509447 0.017357344326318074 0.04165059776320864
334 0.5641136906053373 0.1870420362514462 0.017357344326318074 0.04165059776320864
335 0.4426122803211109 0.4571924411878133 0.017357344326318074 0.041264944080215964
336 0.34226513343458453 0.43424604704974934 0.017140377522239097 0.040879290397223295
337 0.5424170101974398 0.19629772464327033 0.017357344326318074 0.04165059776320864
338 0.07376871338685181 0.028152718858465098 0.017357344326318074 0.04165059776320864
340 0.42568886960295077 0.47377554955649825 0.017357344326318074 0.041264944080215964
342 0.5628118897808635 0.1137678364828384 0.017357344326318074 0.04165059776320864
343 0.1701019743979171 0.15059776320863863 0.01692341071816012 0.041264944080215964
344 0.10088956389672381 0.09467797917470112 0.017357344326318074 0.041264944080215964
346 0.11944022564547624 0.07925183185499421 0.017140377522239097 0.041264944080215964
348 0.4087654588847906 0.4865021210952565 0.017357344326318074 0.041264944080215964
349 0.35918854415274465 0.44234477439259545 0.017140377522239097 0.040879290397223295
350 0.05098719895855934 0.09622059390667181 0.017357344326318074 0.04203625144620131
351 0.21826860490344976 0.17219436945622832 0.01692341071816012 0.041264944080215964
352 0.5875461054458668 0.10026995757809487 0.017357344326318074 0.04165059776320864
354 0.604035582555869 0.09506363285769379 0.017357344326318074 0.04203625144620131
355 0.3099370796268171 0.4261473197069032 0.017140377522239097 0.040879290397223295
356 0.265675851594706 0.47898187427689937 0.017140377522239097 0.040879290397223295
358 0.20199609459752657 0.5715387581951408 0.017357344326318074 0.040879290397223295
359 0.4253634193968323 0.4290397223293482 0.017140377522239097 0.041264944080215964
360 0.39173356476459104 0.4990358657925183 0.017140377522239097 0.040879290397223295
361 0.14525927533087438 0.12919398380254532 0.017140377522239097 0.04165059776320864
363 0.2323714471685832 0.6455842653297339 0.017357344326318074 0.040879290397223295
364 0.39802560208288135 0.38873891245661396 0.017140377522239097 0.040879290397223295
365 0.19299197222824907 0.6243733127651369 0.01757431113039705 0.040879290397223295
366 0.3763289216749837 0.4502506748939452 0.017140377522239097 0.041264944080215964
367 0.6101106530700803 0.14365599691477055 0.017357344326318074 0.04203625144620131
368 0.3748101540464309 0.5237177015040494 0.017140377522239097 0.040879290397223295
369 0.23649381644608375 0.5192826841496336 0.017357344326318074 0.041264944080215964
370 0.23215448036450423 0.09082144234477439 0.01692341071816012 0.041264944080215964
371 0.18496420047732698 0.26320863864249905 0.025819049685398134 0.06209024296182029
372 0.4665871121718377 0.22194369456228308 0.025819049685398134 0.06209024296182029
373 0.2288999783033196 0.20709602776706518 0.025602082881319158 0.06170458927882761
376 0.495335213712302 0.38006170458927885 0.02603601648947711 0.06209024296182029
377 0.49142981123888047 0.19263401465483995 0.025602082881319158 0.06209024296182029
378 0.17878064656107615 0.20169687620516777 0.025602082881319158 0.06170458927882761
380 0.46995009763506185 0.38507520246818355 0.02603601648947711 0.06209024296182029
381 0.19440225645476242 0.5489780177400694 0.02603601648947711 0.06209024296182029
382 0.5158385766977652 0.14654839953721557 0.025819049685398134 0.062475896644812956
383 0.44456498155782165 0.38989587350559196 0.02603601648947711 0.06170458927882761
385 0.2818398784985897 0.44446586964905516 0.025602082881319158 0.06131893559583494
386 0.22922542850943806 0.14577709217123022 0.025385116077240182 0.06170458927882761
387 0.540681275764808 0.13324334747396838 0.02603601648947711 0.06209024296182029
388 0.20373182903015838 0.21866563825684535 0.025602082881319158 0.06170458927882761
389 0.6065307008027772 0.17450829155418435 0.026252983293556086 0.06286155032780563
390 0.41928834888262095 0.3945237177015041 0.025819049685398134 0.06170458927882761
391 0.30733347797786936 0.43636714230620904 0.025385116077240182 0.06131893559583494
392 0.5665003254502061 0.17701504049363673 0.02603601648947711 0.062475896644812956
393 0.22022130614016056 0.5291168530659468 0.02603601648947711 0.06170458927882761
394 0.33282707745714907 0.44022367913613575 0.025602082881319158 0.06131893559583494
395 0.43664569320893903 0.45526417277285 0.025819049685398134 0.06209024296182029
396 0.25287481015404645 0.4847666795217894 0.025819049685398134 0.06170458927882761
397 0.13007159904534607 0.08580794446586965 0.025819049685398134 0.06209024296182029
398 0.5167064439140812 0.20786733513305053 0.025819049685398134 0.062475896644812956
399 0.41126057713169883 0.47204010798303125 0.025819049685398134 0.06170458927882761
400 0.5415491429811239 0.19436945622830698 0.02603601648947711 0.062475896644812956
401 0.3584291603384682 0.45256459699190127 0.025602082881319158 0.06131893559583494
402 0.5654154914298113 0.11569610489780177 0.02603601648947711 0.062475896644812956
403 0.5985029290518551 0.10566910913999229 0.026252983293556086 0.062475896644812956
404 0.19559557387719678 0.610104126494408 0.026252983293556086 0.06170458927882761
405 0.17270557604686482 0.1403779406093328 0.025602082881319158 0.06170458927882761
406 0.3856584942503797 0.4643270343231778 0.025819049685398134 0.06170458927882761
409 0.23323931438489912 0.635364442730428 0.02603601648947711 0.06131893559583494
410 0.04838359730961163 0.10219822599305824 0.02603601648947711 0.062475896644812956
411 0.18745931872423519 0.25298881604319323 0.034280755044478195 0.08252988816043193
412 0.4758082013451942 0.21133821827998459 0.034280755044478195 0.08252988816043193
413 0.22477760902581906 0.20497493251060547 0.03384682143632024 0.08214423447743927
414 0.48947711000216965 0.3864249903586579 0.03471468865263615 0.08252988816043193
415 0.508895638967238 0.18145005784805246 0.03449772184855717 0.0829155418434246
416 0.4556302885658494 0.3956806787504821 0.03471468865263615 0.08252988816043193
418 0.19863310913430246 0.5470497493251061 0.03493165545671512 0.08214423447743927
419 0.5416576263831634 0.1434631700732742 0.03449772184855717 0.08330119552641728
420 0.4218919505315687 0.4086000771307366 0.03449772184855717 0.08214423447743927
421 0.28607073117812976 0.45044350173544156 0.03406378824039922 0.08175858079444659
422 0.6021913647211976 0.16448129579637485 0.03493165545671512 0.08368684920940996
425 0.17986548058147103 0.17123023524874662 0.034280755044478195 0.08252988816043193
426 0.32013451941852894 0.44658696490551486 0.03406378824039922 0.08175858079444659
427 0.25189845953569107 0.4909371384496722 0.034280755044478195 0.08175858079444659
429 0.3882620958993274 0.4745468569224836 0.03449772184855717 0.08214423447743927
430 0.13234975048817532 0.09622059390667181 0.034280755044478195 0.0829155418434246
431 0.3541983076589282 0.4627844195912071 0.03406378824039922 0.08175858079444659
432 0.225211542633977 0.12321635171615888 0.03384682143632024 0.08214423447743927
433 0.1946192232588414 0.62842267643656 0.0351486222607941 0.08214423447743927
434 0.2324799305706227 0.6253374469726186 0.03493165545671512 0.08214423447743927
435 0.1901714037752224 0.2427689934438874 0.04274246040355825 0.10296953335904357
436 0.47993057062269473 0.20516775935210183 0.04295942720763723 0.10335518704203625
437 0.4566066391842048 0.40570767450829154 0.043176394011716204 0.10335518704203625
438 0.5212627467997396 0.17084458156575397 0.043176394011716204 0.1041264944080216
440 0.2322629637665437 0.1907057462398766 0.04230852679540031 0.10296953335904357
441 0.5625949229767846 0.14847666795217895 0.04339336081579518 0.1041264944080216
442 0.19950097635061836 0.5532202082529888 0.043610327619874156 0.10296953335904357
443 0.41429811238880454 0.41901272657153876 0.043176394011716204 0.10296953335904357
444 0.28693859839444563 0.456421133821828 0.04274246040355825 0.10219822599305824
445 0.10891733564764591 0.056305437716930196 0.04295942720763723 0.1041264944080216
446 0.49858971577348665 0.3677207867335133 0.04339336081579518 0.10374084072502893
447 0.32946409199392496 0.4606633243347474 0.04274246040355825 0.10219822599305824
448 0.3720980689954437 0.4809101426918627 0.04295942720763723 0.10258387967605091
449 0.2441961379908874 0.5052063247204011 0.043176394011716204 0.10258387967605091
450 0.24191798654805816 0.6070188970304666 0.04339336081579518 0.10258387967605091
452 0.19440225645476242 0.2327419976860779 0.051204165762638316 0.1237948322406479
453 0.48231720546756346 0.19475510991129966 0.05163809937079627 0.12418048592364057
454 0.44076806248643957 0.42055534130350947 0.051855066174875245 0.1237948322406479
455 0.5321110870036885 0.16409564211338218 0.051855066174875245 0.12456613960663325
457 0.5817964851377739 0.14539143848823757 0.052288999783033197 0.12495179328962591
458 0.20015187676285529 0.5632472040107983 0.052288999783033197 0.1237948322406479
460 0.2911694510739857 0.46664095642113385 0.051204165762638316 0.12263787119166988
461 0.3594055109568236 0.4830312379483224 0.05142113256671729 0.12302352487466256
462 0.4909958776307225 0.36984188198997303 0.05207203297895422 0.12418048592364057
463 0.24484703840312433 0.17662938681064405 0.05055326535040139 0.12340917855765522
464 0.2514645259275331 0.5887003470883146 0.05207203297895422 0.12302352487466256
465 0.19863310913430246 0.22252217508677208 0.059665871121718374 0.14423447743925955
466 0.4880668257756563 0.1843424604704975 0.060099804729876326 0.1450057848052449
467 0.4399001952701237 0.4224836097184728 0.06053373833803428 0.14384882375626687
468 0.20427424604035582 0.5734670266101042 0.06096767194619223 0.14423447743925955
470 0.5462139292688218 0.15329733898958736 0.06053373833803428 0.14539143848823757
471 0.3072249945758299 0.47705360586193596 0.05988283792579735 0.14269186270728884
473 0.3672163159036667 0.4930582337061319 0.060099804729876326 0.14307751639028152
474 0.4983727489694077 0.34708831469340534 0.060750705142113254 0.1450057848052449
475 0.20112822738121067 0.21249517932896259 0.06812757648079844 0.16505977632086385
476 0.4921891950531569 0.17392981102969535 0.06877847689303536 0.1658310836868492
477 0.20861358212193534 0.5798303123794832 0.06964634410935126 0.16467412263787118
478 0.44065957908440007 0.40821442344774395 0.06899544369711434 0.16467412263787118
480 0.3047298763289217 0.4913227921326649 0.06834454328487741 0.16351716158889318
481 0.5584725536992841 0.1423062090242962 0.0694293773052723 0.16660239105283456
483 0.2036233456281189 0.20227535672965677 0.0765892818398785 0.18549942151947552
484 0.21273595139943588 0.5738526802930968 0.0783250162725103 0.18511376783648284
485 0.49674549793881534 0.19629772464327033 0.0774571490561944 0.18665638256845352
486 0.2987632892167498 0.4973004242190513 0.07724018225211543 0.1839568067875048
487 0.4330657409416359 0.4143848823756267 0.07767411586027338 0.18549942151947552
489 0.20112822738121067 0.196104897801774 0.08505098719895855 0.20632472040107983
490 0.2170752874810154 0.563632857693791 0.08700368843566934 0.20555341303509447
491 0.5008678672163159 0.18993443887389125 0.08613582121935344 0.20709602776706518
492 0.30299414189628987 0.503470883146934 0.08570188761119549 0.2040107983031238
493 0.43393360815795184 0.40840725028924024 0.08635278802343241 0.20593906671808715
