0 0.4994575829898026 0.37311993829541074 0.00954653937947494 0.020439645198611647
1 0.5031460186591451 0.35268029309679905 0.00954653937947494 0.020439645198611647
2 0.5033629854632241 0.39355958349402237 0.00954653937947494 0.020439645198611647
3 0.5092210891733565 0.41380640185113765 0.00954653937947494 0.02082529888160432
4 0.5188761119548709 0.4298110296953336 0.009763506183553917 0.020439645198611647
5 0.5325450206118464 0.4539143848823756 0.009763506183553917 0.02082529888160432
6 0.5090041223692775 0.37311993829541074 0.00954653937947494 0.020439645198611647
7 0.5125840746365806 0.3403393752410335 0.009763506183553917 0.020439645198611647
8 0.5420915599913213 0.46182028538372544 0.009763506183553917 0.020439645198611647
9 0.5284226513343458 0.43366756652526034 0.009763506183553917 0.020439645198611647
10 0.512909524842699 0.393366756652526 0.00954653937947494 0.02082529888160432
11 0.5808201345194185 0.5055919784033938 0.009980472987632893 0.02082529888160432
12 0.7168583206769364 0.610104126494408 0.009980472987632893 0.02082529888160432
13 0.5839661531785637 0.4404165059776321 0.009763506183553917 0.02082529888160432
14 0.5974180950314602 0.44388738912456616 0.009763506183553917 0.02082529888160432
15 0.5516380993707962 0.46567682221365214 0.009763506183553917 0.020439645198611647
16 0.7070948144933825 0.6023910528345545 0.009980472987632893 0.02082529888160432
17 0.5225645476242134 0.40937138449672195 0.009763506183553917 0.020439645198611647
18 0.5184421783467129 0.36058619359814886 0.009763506183553917 0.02082529888160432
19 0.5418745931872424 0.4415734670266101 0.009763506183553917 0.02082529888160432
20 0.5221306140160555 0.34014654839953723 0.009763506183553917 0.02082529888160432
21 0.522456064222174 0.3889317392981103 0.00954653937947494 0.020439645198611647
22 0.5515296159687568 0.4454300038565368 0.00954653937947494 0.02082529888160432
23 0.5611846387502712 0.4573852680293097 0.009763506183553917 0.02082529888160432
24 0.6412453894554133 0.5769379097570382 0.009763506183553917 0.02082529888160432
25 0.5321110870036885 0.41322792132664865 0.009763506183553917 0.020439645198611647
26 0.5351486222607941 0.31141534901658313 0.009763506183553917 0.020439645198611647
27 0.6973313083098286 0.5946779791747011 0.009980472987632893 0.02082529888160432
28 0.6315903666738989 0.5773235634400309 0.009980472987632893 0.02082529888160432
29 0.6308309828596225 0.21056691091399923 0.009763506183553917 0.02082529888160432
30 0.531568669993491 0.33185499421519477 0.00954653937947494 0.020439645198611647
31 0.6545888479062704 0.5680678750482067 0.009980472987632893 0.02082529888160432
32 0.7166413538728574 0.5896644812957964 0.009980472987632893 0.02082529888160432
33 0.5825558689520504 0.4851523332047821 0.009980472987632893 0.02082529888160432
34 0.5279887177261879 0.3603933667566525 0.009763506183553917 0.020439645198611647
35 0.5445866782382296 0.2948322406478982 0.00954653937947494 0.020439645198611647
36 0.5417661097852029 0.42113382182799847 0.00954653937947494 0.02082529888160432
37 0.672054675634628 0.5796374855379869 0.009763506183553917 0.02082529888160432
38 0.035691039270991536 0.4022367913613575 0.009763506183553917 0.02082529888160432
39 0.532002603601649 0.392788276128037 0.00954653937947494 0.020439645198611647
40 0.7068778476893035 0.5819514076359429 0.009980472987632893 0.02082529888160432
41 0.6817096984161424 0.5792518318549942 0.009980472987632893 0.02082529888160432
42 0.5030375352571057 0.33243347473968377 0.009763506183553917 0.02082529888160432
43 0.5514211325667173 0.42499035865792517 0.009763506183553917 0.02082529888160432
44 0.5609676719461922 0.43694562283069804 0.009763506183553917 0.02082529888160432
45 0.607832501627251 0.5169687620516776 0.009763506183553917 0.020439645198611647
46 0.6912562377956173 0.5746239876590822 0.009980472987632893 0.02082529888160432
47 0.544695161640269 0.3150790590050135 0.009763506183553917 0.02082529888160432
48 0.6641353872857453 0.559583494022368 0.009980472987632893 0.02082529888160432
49 0.522889997830332 0.4500578480524489 0.00954653937947494 0.02082529888160432
50 0.594706009980473 0.012148091014269186 0.00954653937947494 0.020439645198611647
51 0.554024734215665 0.2863478596220594 0.009763506183553917 0.020439645198611647
52 0.5416576263831634 0.40088700347088313 0.009763506183553917 0.020439645198611647
53 0.6004556302885659 0.5456999614346317 0.009763506183553917 0.02082529888160432
54 0.6543718811021914 0.547628229849595 0.009980472987632893 0.02082529888160432
55 0.5814710349316554 0.18781334361743154 0.00954653937947494 0.02082529888160432
56 0.5347146886526362 0.013883532587736213 0.009329572575395965 0.02082529888160432
57 0.5374267737036234 0.35190898573081375 0.00954653937947494 0.020439645198611647
58 0.5375352571056629 0.3723486309294254 0.009763506183553917 0.020439645198611647
59 0.5918854415274463 0.4604704974932511 0.009980472987632893 0.02082529888160432
61 0.572249945758299 0.20844581565753953 0.009763506183553917 0.020439645198611647
62 0.6332176177044913 0.5485923640570768 0.009763506183553917 0.020439645198611647
64 0.5512041657626383 0.40455071345931354 0.009763506183553917 0.02082529888160432
66 0.6736819266652202 0.5591978403393753 0.009980472987632893 0.02082529888160432
68 0.5903666738988935 0.5013497878904744 0.009980472987632893 0.02082529888160432
69 0.6623996528531134 0.5800231392209796 0.009980472987632893 0.02082529888160432
70 0.6448253417227164 0.5563054377169302 0.009980472987632893 0.020439645198611647
71 0.5608591885441527 0.4165059776320864 0.00954653937947494 0.02082529888160432
72 0.5219136472119765 0.3198997300424219 0.009763506183553917 0.020439645198611647
73 0.509329572575396 0.434053220208253 0.009763506183553917 0.020439645198611647
74 0.683879366456932 0.5994986502121096 0.009980472987632893 0.020439645198611647
75 0.6100021696680408 0.5372155804087929 0.009763506183553917 0.02082529888160432
76 0.5541332176177045 0.306787504820671 0.00954653937947494 0.020439645198611647
77 0.563354306791061 0.2780563054377169 0.009763506183553917 0.02082529888160432
80 0.6208505098719895 0.47975318164288466 0.009763506183553917 0.02082529888160432
81 0.6327836840963332 0.5119552641727728 0.009763506183553917 0.020439645198611647
82 0.5468648296810588 0.3355187042036251 0.009763506183553917 0.02082529888160432
84 0.6056628335864612 0.4967219436945623 0.009763506183553917 0.02082529888160432
85 0.5471902798871773 0.38025453143077514 0.00954653937947494 0.02082529888160432
86 0.7008027771750922 0.561897416120324 0.009980472987632893 0.02082529888160432
87 0.7162074202646995 0.569417662938681 0.009980472987632893 0.021210952564596992
88 0.5688869602950749 0.25742383339760894 0.00954653937947494 0.020439645198611647
89 0.5469733130830983 0.36000771307365986 0.00954653937947494 0.020439645198611647
90 0.6871338685181168 0.5545699961434631 0.009980472987632893 0.02082529888160432
91 0.6306140160555435 0.49170844581565754 0.009763506183553917 0.02082529888160432
92 0.5850509871989585 0.1673736984188199 0.009763506183553917 0.02082529888160432
95 0.6423302234758081 0.5156189741612033 0.009763506183553917 0.02082529888160432
96 0.5982859622477761 0.5254531430775163 0.009763506183553917 0.020439645198611647
97 0.6070731178129746 0.44774392595449286 0.009980472987632893 0.02082529888160432
99 0.6638099370796268 0.5391438488237563 0.009763506183553917 0.02082529888160432
100 0.5535908006075071 0.24161203239490936 0.009763506183553917 0.020439645198611647
102 0.5635712735951399 0.29830312379483226 0.009763506183553917 0.020439645198611647
103 0.5607507051421132 0.3962591592749711 0.009763506183553917 0.020439645198611647
105 0.6520937296593621 0.5275742383339761 0.009763506183553917 0.02082529888160432
107 0.5561944022564548 0.32703432317778636 0.009763506183553917 0.02082529888160432
108 0.5442612280321111 0.25414577709217123 0.009763506183553917 0.02082529888160432
111 0.5702972445215881 0.40821442344774395 0.009763506183553917 0.020439645198611647
112 0.5960078108049468 0.13420748168145005 0.00954653937947494 0.02082529888160432
113 0.6050119331742243 0.10142691862707288 0.009763506183553917 0.02082529888160432
114 0.5564113690605338 0.347473968376398 0.009763506183553917 0.02082529888160432
115 0.57203297895422 0.1880061704589279 0.009763506183553917 0.020439645198611647
116 0.5566283358646127 0.3760123409178558 0.009763506183553917 0.02082529888160432
119 0.5648730744196138 0.22907828769764751 0.009763506183553917 0.02082529888160432
120 0.6186808418311999 0.4595063632857694 0.009763506183553917 0.020439645198611647
122 0.11575178997613365 0.11646741226378712 0.009763506183553917 0.02082529888160432
123 0.6706443914081146 0.6162745854222907 0.009980472987632893 0.02082529888160432
124 0.6734649598611413 0.5387581951407636 0.009980472987632893 0.02082529888160432
125 0.5729008461705359 0.2776706517547243 0.009763506183553917 0.02082529888160432
127 0.5986114124538946 0.0323949093713845 0.00954653937947494 0.02082529888160432
129 0.5124755912345411 0.3198997300424219 0.00954653937947494 0.020439645198611647
130 0.5756129312215231 0.16756652526031623 0.00954653937947494 0.020439645198611647
131 0.6252983293556086 0.5325877362128808 0.009980472987632893 0.02082529888160432
132 0.6421132566717292 0.4951793289625916 0.009763506183553917 0.02082529888160432
133 0.5653070080277718 0.4897801774006942 0.009763506183553917 0.02082529888160432
134 0.6121718377088305 0.5576552256074045 0.009763506183553917 0.02082529888160432
135 0.5837491863744847 0.22849980717315851 0.009763506183553917 0.020439645198611647
136 0.630288565849425 0.4712688006170459 0.009980472987632893 0.02082529888160432
137 0.5783250162725103 0.24893945237177015 0.009763506183553917 0.020439645198611647
138 0.5235408982425689 0.2830698033166217 0.00954653937947494 0.02082529888160432
139 0.10620525059665871 0.12842267643655997 0.009763506183553917 0.02082529888160432
140 0.5802777175092211 0.4568067875048207 0.009763506183553917 0.020439645198611647
141 0.6965719244955522 0.541843424604705 0.009763506183553917 0.02082529888160432
142 0.5657409416359297 0.3187427689934439 0.009763506183553917 0.020439645198611647
144 0.49967454979388154 0.413999228692634 0.00954653937947494 0.020439645198611647
145 0.13907572141462357 0.0605476282298496 0.00954653937947494 0.02082529888160432
146 0.6518767628552832 0.5071345931353645 0.009763506183553917 0.02082529888160432
147 0.7101323497504882 0.5491708445815657 0.009980472987632893 0.02082529888160432
148 0.5700802777175092 0.38777477824913226 0.009763506183553917 0.020439645198611647
149 0.5810371013234975 0.14693405322020825 0.00954653937947494 0.02082529888160432
151 0.6830114992406162 0.5341303509448515 0.009980472987632893 0.02082529888160432
152 0.5628118897808635 0.20863864249903585 0.00954653937947494 0.02082529888160432
153 0.612063354306791 0.06035480138835326 0.00954653937947494 0.020439645198611647
155 0.5798437839010632 0.39973004242190513 0.009763506183553917 0.020439645198611647
156 0.6901714037752223 0.6359429232549171 0.009980472987632893 0.02082529888160432
158 0.701887611195487 0.6351716158889318 0.009980472987632893 0.02082529888160432
159 0.5348231720546757 0.2624373312765137 0.00954653937947494 0.020439645198611647
160 0.5731178129746148 0.2981102969533359 0.009763506183553917 0.02082529888160432
162 0.6616402690388371 0.5190898573081373 0.009763506183553917 0.02082529888160432
163 0.5658494250379692 0.3389895873505592 0.00954653937947494 0.02082529888160432
164 0.5661748752440876 0.367527959892017 0.009763506183553917 0.02082529888160432
165 0.5864612714254719 0.12649440802159662 0.00954653937947494 0.02082529888160432
166 0.5122586244304621 0.29560354801388355 0.00954653937947494 0.020439645198611647
170 0.5887394228683012 0.5339375241033552 0.009763506183553917 0.020439645198611647
172 0.6003471468865264 0.1831854994215195 0.00954653937947494 0.02082529888160432
174 0.6806248643957474 0.6320863864249904 0.009980472987632893 0.02082529888160432
175 0.5557604686482968 0.498264558426533 0.009763506183553917 0.02082529888160432
177 0.6608808852245607 0.6085615117624373 0.009980472987632893 0.02082529888160432
178 0.5893903232805381 0.3993443887389125 0.009763506183553917 0.020439645198611647
179 0.5661748752440876 0.1679521789433089 0.009763506183553917 0.020439645198611647
180 0.6399435886309395 0.4751253374469726 0.009763506183553917 0.02082529888160432
181 0.5744196137990888 0.43655996914770534 0.009763506183553917 0.02082529888160432
182 0.621609893686266 0.22290782876976475 0.00954653937947494 0.02082529888160432
183 0.6426556736819267 0.5360586193598149 0.009980472987632893 0.02082529888160432
186 0.5930787589498807 0.21596606247589664 0.009763506183553917 0.02082529888160432
187 0.5533738338034281 0.22117238719629773 0.009763506183553917 0.020439645198611647
188 0.6210674766760685 0.5001928268414964 0.009763506183553917 0.02082529888160432
189 0.1027337817313951 0.10798303123794832 0.009763506183553917 0.02082529888160432
191 0.5822304187459318 0.26918627072888546 0.009763506183553917 0.02082529888160432
192 0.6282273812106748 0.45102198225993057 0.009763506183553917 0.020439645198611647
193 0.671186808418312 0.5187042036251446 0.009763506183553917 0.02082529888160432
194 0.5957908440008679 0.11396066332433474 0.00954653937947494 0.020439645198611647
195 0.6136906053373834 0.03991515618974161 0.009763506183553917 0.020439645198611647
196 0.6028422651334345 0.4070574623987659 0.009763506183553917 0.020439645198611647
197 0.5751789976133651 0.3183571153104512 0.00954653937947494 0.020439645198611647
199 0.5715990453460621 0.14731970690320093 0.009763506183553917 0.02082529888160432
200 0.5969841614233022 0.0568839182414192 0.009763506183553917 0.020439645198611647
201 0.6009980472987633 0.08118010026995758 0.00954653937947494 0.020439645198611647
204 0.6184638750271209 0.43925954492865404 0.009763506183553917 0.02082529888160432
205 0.5252766326752007 0.26263015811801005 0.00954653937947494 0.02082529888160432
206 0.5757214146235626 0.3673351330505206 0.009763506183553917 0.020439645198611647
207 0.5350401388587546 0.29097570381797144 0.00954653937947494 0.020439645198611647
209 0.5625949229767846 0.18839182414192054 0.00954653937947494 0.020439645198611647
210 0.5367758732913864 0.03432317778634786 0.00954653937947494 0.02082529888160432
211 0.711651117379041 0.6471268800617046 0.009980472987632893 0.02082529888160432
212 0.6111954870904751 0.4760894716544543 0.009980472987632893 0.020439645198611647
214 0.5405727923627685 0.5026995757809487 0.009763506183553917 0.020439645198611647
215 0.5770232154480365 0.11858850752024681 0.009763506183553917 0.020439645198611647
218 0.5440442612280321 0.23370613189355957 0.009763506183553917 0.02082529888160432
219 0.6095682360598829 0.1704589278827613 0.009763506183553917 0.02082529888160432
220 0.6123888045129096 0.41901272657153876 0.009763506183553917 0.020439645198611647
221 0.6516597960512042 0.4866949479367528 0.009763506183553917 0.02082529888160432
222 0.5755044478194836 0.346895487851909 0.009763506183553917 0.020439645198611647
223 0.11607724018225211 0.09622059390667181 0.00954653937947494 0.020439645198611647
225 0.6006725970926449 0.5661396066332434 0.009763506183553917 0.02082529888160432
226 0.5862443046213929 0.10605476282298495 0.00954653937947494 0.02082529888160432
228 0.5824473855500109 0.2896259159274971 0.009763506183553917 0.02082529888160432
229 0.5877630722499457 0.24874662553027382 0.00954653937947494 0.02082529888160432
231 0.6924495552180516 0.521789433089086 0.009763506183553917 0.02082529888160432
237 0.6066391842048167 0.23987659082144233 0.00954653937947494 0.02082529888160432
238 0.5935126925580386 0.43598148862321634 0.009763506183553917 0.020439645198611647
239 0.6807333477977869 0.5140763594292326 0.009763506183553917 0.02082529888160432
241 0.513994358863094 0.27516390281527187 0.00954653937947494 0.020439645198611647
242 0.5325450206118464 0.47435403008098725 0.009763506183553917 0.02082529888160432
243 0.7060099804729877 0.5291168530659468 0.009980472987632893 0.02082529888160432
244 0.6613148188327186 0.49865021210952565 0.009980472987632893 0.02082529888160432
245 0.5443697114341506 0.2743925954492865 0.00954653937947494 0.020439645198611647
246 0.5750705142113257 0.5138835325877362 0.009763506183553917 0.020439645198611647
249 0.702104577999566 0.6556112610875434 0.009980472987632893 0.02082529888160432
250 0.6513343458450856 0.60894716544543 0.009980472987632893 0.02082529888160432
252 0.5027120850509872 0.2917470111839568 0.00954653937947494 0.020439645198611647
253 0.5252766326752007 0.014076359429232549 0.00954653937947494 0.020439645198611647
255 0.6509004122369277 0.5804087929039722 0.009980472987632893 0.02082529888160432
256 0.5768062486439575 0.0983416891631315 0.009763506183553917 0.02082529888160432
257 0.4935994792796702 0.35306594677979175 0.00954653937947494 0.020439645198611647
259 0.6024083315252766 0.20323949093713845 0.009763506183553917 0.02082529888160432
261 0.5852679540030375 0.37909757038179714 0.009763506183553917 0.02082529888160432
263 0.5837491863744847 0.41997686077902047 0.009763506183553917 0.02082529888160432
264 0.621609893686266 0.07211723871962977 0.00954653937947494 0.02082529888160432
265 0.598719895855934 0.3868106440416506 0.009763506183553917 0.02082529888160432
266 0.6397266218268605 0.454685692248361 0.009763506183553917 0.02082529888160432
268 0.5846170535908006 0.3098727342846124 0.009763506183553917 0.020439645198611647
271 0.4938164460837492 0.39355958349402237 0.00954653937947494 0.020439645198611647
272 0.6925580386200911 0.655996914770536 0.009980472987632893 0.02082529888160432
273 0.6134736385333044 0.019668337832626302 0.009763506183553917 0.02082529888160432
274 0.5598828379257974 0.5185113767836483 0.009763506183553917 0.020439645198611647
275 0.5707311781297462 0.45699961434631703 0.009763506183553917 0.02082529888160432
276 0.6121718377088305 0.3987659082144234 0.009763506183553917 0.02082529888160432
277 0.5904751573009329 0.14674122637871193 0.009763506183553917 0.020439645198611647
278 0.5850509871989585 0.35885075202468186 0.009763506183553917 0.020439645198611647
279 0.6279019310045563 0.4307751639028153 0.009980472987632893 0.02082529888160432
280 0.6377739205901497 0.6097184728114153 0.009763506183553917 0.02082529888160432
281 0.5532653504013886 0.20092556883918242 0.00954653937947494 0.02082529888160432
283 0.7155565198524626 0.5287311993829541 0.009980472987632893 0.02082529888160432
285 0.7172922542850944 0.6305437716930197 0.009980472987632893 0.02082529888160432
286 0.5346062052505967 0.24199768607790204 0.00954653937947494 0.020439645198611647
287 0.5848340203948795 0.33031237948322406 0.009763506183553917 0.020439645198611647
288 0.6493816446083749 0.4664481295796375 0.009980472987632893 0.020439645198611647
290 0.1296376654371881 0.06401851137678365 0.009763506183553917 0.02082529888160432
292 0.5791928834888262 0.5422290782876976 0.009763506183553917 0.02082529888160432
294 0.5909090909090909 0.5541843424604705 0.009763506183553917 0.02082529888160432
295 0.670969841614233 0.498264558426533 0.009763506183553917 0.02082529888160432
297 0.5041223692775005 0.3711916698804474 0.019310045563028858 0.041264944080215964
298 0.513994358863094 0.411685306594678 0.019527012367107834 0.041264944080215964
299 0.5333044044261228 0.4436945622830698 0.019527012367107834 0.041264944080215964
300 0.5526144499891517 0.4556498264558427 0.019527012367107834 0.041264944080215964
301 0.523106964634411 0.34612418048592364 0.019527012367107834 0.041264944080215964
302 0.71186808418312 0.5962205939066718 0.019960945975265786 0.04165059776320864
303 0.5908006075070514 0.44620131122252216 0.019527012367107834 0.04165059776320864
304 0.5330874376220438 0.40300809872734283 0.019527012367107834 0.040879290397223295
305 0.6923410718160121 0.5846509834168916 0.019960945975265786 0.04165059776320864
306 0.5418745931872424 0.3133436174315465 0.019310045563028858 0.041264944080215964
307 0.6575178997613366 0.565946779791747 0.01974397917118681 0.041264944080215964
308 0.6382078541983076 0.5667180871577323 0.01974397917118681 0.041264944080215964
309 0.5836407029724452 0.499421519475511 0.019527012367107834 0.04165059776320864
310 0.5521805163809937 0.41477053605861935 0.019527012367107834 0.041264944080215964
311 0.6051204165762638 0.5312379483224065 0.019527012367107834 0.041264944080215964
312 0.5422000433933608 0.3538372541457771 0.019527012367107834 0.041264944080215964
313 0.5039054024734215 0.33031237948322406 0.019310045563028858 0.041264944080215964
315 0.5607507051421132 0.2921326648669495 0.019310045563028858 0.041264944080215964
316 0.6316988500759384 0.5059776320863865 0.01974397917118681 0.04165059776320864
317 0.5785419830765893 0.1818357115310451 0.019310045563028858 0.041264944080215964
318 0.6768279453243654 0.5692248360971848 0.01974397917118681 0.04165059776320864
320 0.5717075287481015 0.4427304280755881 0.019527012367107834 0.04165059776320864
322 0.653178563679757 0.5254531430775163 0.01974397917118681 0.041264944080215964
323 0.711217183770883 0.5553413035094485 0.019960945975265786 0.04165059776320864
324 0.6235625949229768 0.4654839953721558 0.019527012367107834 0.04165059776320864
325 0.5610761553482317 0.33301195526417277 0.019527012367107834 0.041264944080215964
326 0.5614016055543501 0.3738912456613961 0.019310045563028858 0.041264944080215964
327 0.5618355391625082 0.2188584650983417 0.019310045563028858 0.041264944080215964
331 0.5912345411152093 0.12822984959506364 0.01909307875894988 0.041264944080215964
332 0.5431763940117162 0.24797531816428847 0.019310045563028858 0.040879290397223295
334 0.6761770449121285 0.5283455456999614 0.01974397917118681 0.04165059776320864
337 0.5794098502929051 0.26320863864249905 0.019310045563028858 0.041264944080215964
338 0.10913430245172488 0.11839568067875048 0.019527012367107834 0.04165059776320864
339 0.580711651117379 0.39355958349402237 0.019310045563028858 0.041264944080215964
340 0.5227815144282925 0.305630543771693 0.019310045563028858 0.041264944080215964
341 0.6951616402690388 0.6417277284998072 0.019960945975265786 0.04165059776320864
342 0.6734649598611413 0.610104126494408 0.019960945975265786 0.04165059776320864
344 0.5244087654588848 0.26475125337446975 0.01909307875894988 0.041264944080215964
345 0.5798437839010632 0.3040879290397223 0.019310045563028858 0.041264944080215964
346 0.6955955738771968 0.5437716930196683 0.019960945975265786 0.04165059776320864
348 0.6505749620308093 0.4847666795217894 0.01974397917118681 0.04165059776320864
349 0.5865697548275114 0.22232934824527575 0.019310045563028858 0.041264944080215964
350 0.5143198090692124 0.4523717701504049 0.019310045563028858 0.040879290397223295
351 0.616728140594489 0.05823370613189356 0.019310045563028858 0.04165059776320864
352 0.5724669125623779 0.1413420748168145 0.019310045563028858 0.041264944080215964
353 0.6096767194619224 0.4251831854994215 0.019527012367107834 0.041264944080215964
355 0.6050119331742243 0.18087157732356343 0.019310045563028858 0.04165059776320864
356 0.558689520503363 0.5042421905129194 0.019527012367107834 0.041264944080215964
358 0.5802777175092211 0.3528731199382954 0.019310045563028858 0.04165059776320864
359 0.5982859622477761 0.08735055919784034 0.019310045563028858 0.041264944080215964
360 0.6281188978086353 0.21249517932896259 0.019527012367107834 0.04165059776320864
361 0.6073985680190931 0.5719244118781335 0.01974397917118681 0.04165059776320864
362 0.5337383380342807 0.48457385268029307 0.019527012367107834 0.041264944080215964
363 0.5036884356693426 0.2896259159274971 0.019310045563028858 0.040879290397223295
364 0.13625515296159688 0.05823370613189356 0.01909307875894988 0.04165059776320864
365 0.5996962464742894 0.3846895487851909 0.019527012367107834 0.041264944080215964
366 0.49500976350618353 0.41207096027767065 0.019310045563028858 0.041264944080215964
367 0.586027337817314 0.540107983031238 0.019527012367107834 0.041264944080215964
369 0.7125189845953569 0.6367142306209024 0.019960945975265786 0.04165059776320864
370 0.6066391842048167 0.49055148476667954 0.019527012367107834 0.04165059776320864
372 0.6287697982208722 0.42441187813343617 0.019527012367107834 0.041264944080215964
373 0.5721414623562595 0.10046278441959121 0.01909307875894988 0.041264944080215964
374 0.5596658711217184 0.17836482838411108 0.019310045563028858 0.041264944080215964
377 0.5109568236059883 0.3729271114539144 0.029073551746582774 0.06170458927882761
378 0.5361249728791495 0.4377169301966834 0.029073551746582774 0.06170458927882761
379 0.7068778476893035 0.5861935981488623 0.029941418962898675 0.062475896644812956
380 0.5391625081362551 0.33571153104512147 0.029073551746582774 0.06209024296182029
381 0.6603384682143632 0.5597763208638642 0.0297244521588197 0.06209024296182029
382 0.5648730744196138 0.4367527959892017 0.02929051855066175 0.06209024296182029
383 0.5935126925580386 0.43173929811029693 0.02929051855066175 0.06209024296182029
384 0.6002386634844868 0.5254531430775163 0.02929051855066175 0.06209024296182029
385 0.6363636363636364 0.49961434631700735 0.029507485354740726 0.06209024296182029
386 0.5557604686482968 0.2741997686077902 0.0288565849425038 0.06170458927882761
388 0.5074853547407246 0.43424604704974934 0.029073551746582774 0.06170458927882761
389 0.5758298980256021 0.1880061704589279 0.029073551746582774 0.06209024296182029
390 0.5105228899978304 0.31199382954107213 0.029073551746582774 0.06170458927882761
391 0.6313733998698199 0.5609332819128423 0.029507485354740726 0.06209024296182029
392 0.5681275764807985 0.37157732356344003 0.02929051855066175 0.06209024296182029
395 0.5712735951399436 0.5057848052448901 0.029507485354740726 0.06209024296182029
396 0.5883054892601431 0.12244504435017355 0.0288565849425038 0.06209024296182029
397 0.6886526361466696 0.5260316236020054 0.029507485354740726 0.062475896644812956
399 0.5842916033846821 0.26918627072888546 0.029073551746582774 0.06170458927882761
400 0.6783467129529182 0.6120323949093713 0.0297244521588197 0.062475896644812956
402 0.6261661965719245 0.4388738912456614 0.029507485354740726 0.062475896644812956
403 0.6042525493599479 0.03220208252988816 0.028639618138424822 0.06209024296182029
404 0.5395964417444131 0.37639799460084844 0.029073551746582774 0.06170458927882761
405 0.7077457149056194 0.6471268800617046 0.029941418962898675 0.062475896644812956
406 0.5477326968973747 0.21326648669494794 0.0288565849425038 0.06170458927882761
407 0.5424170101974398 0.49865021210952565 0.029073551746582774 0.06170458927882761
409 0.5967671946192232 0.3708060161974547 0.02929051855066175 0.06209024296182029
410 0.10826643523540898 0.11627458542229079 0.029073551746582774 0.06209024296182029
411 0.6041440659579085 0.18684920940994987 0.0288565849425038 0.06209024296182029
414 0.5157300932957257 0.37485537986887774 0.038620091126057715 0.08252988816043193
415 0.5486005641136906 0.435210181257231 0.03883705793013669 0.08214423447743927
416 0.701887611195487 0.5721172387196297 0.03992189195053157 0.08368684920940996
417 0.6456932089390324 0.5460856151176243 0.03948795834237362 0.08330119552641728
418 0.5533738338034281 0.3208638642499036 0.03883705793013669 0.08252988816043193
419 0.594922976784552 0.47049749325106055 0.03905402473421567 0.08252988816043193
421 0.5730093295725754 0.19417662938681066 0.038620091126057715 0.0829155418434246
422 0.6332176177044913 0.4649055148476668 0.03927099153829464 0.0829155418434246
423 0.5151876762855283 0.29348245275742385 0.03840312432197874 0.08252988816043193
424 0.6072900846170536 0.5516775935210181 0.03948795834237362 0.0829155418434246
425 0.5854849208071166 0.11222522175086772 0.03840312432197874 0.08252988816043193
426 0.5105228899978304 0.456421133821828 0.038620091126057715 0.08214423447743927
428 0.5864612714254719 0.38931739298110296 0.03905402473421567 0.0829155418434246
431 0.5909090909090909 0.27497107597377557 0.03883705793013669 0.08252988816043193
433 0.703189412019961 0.65368299267258 0.03992189195053157 0.08330119552641728
435 0.6638099370796268 0.6104897801774007 0.039704925146452595 0.08330119552641728
437 0.6833369494467346 0.4913227921326649 0.039704925146452595 0.08330119552641728
438 0.5206118463875027 0.3808330119552642 0.04838359730961163 0.10296953335904357
439 0.6972228249077891 0.5823370613189356 0.049685398134085484 0.1041264944080216
440 0.5685615100889564 0.41631315079059006 0.04881753091776958 0.10296953335904357
441 0.6484052939900196 0.5358657925183186 0.04925146452592753 0.10374084072502893
442 0.5520720329789542 0.2782491322792133 0.04838359730961163 0.10296953335904357
443 0.6001301800824473 0.517161588893174 0.049034497721848556 0.10335518704203625
445 0.5795183336949447 0.17547242576166602 0.04816663050553265 0.10335518704203625
446 0.6162942069863311 0.41477053605861935 0.04881753091776958 0.10374084072502893
447 0.5365589064873074 0.48225993058233707 0.048600564113690604 0.10296953335904357
451 0.5994792796702104 0.2768993443887389 0.048600564113690604 0.10335518704203625
452 0.504664786287698 0.2794060933281913 0.04816663050553265 0.10296953335904357
454 0.5272293339119115 0.3868106440416506 0.05814710349316555 0.12340917855765522
455 0.6924495552180516 0.5807944465869649 0.059665871121718374 0.12495179328962591
456 0.6047949663701454 0.49055148476667954 0.05879800390540248 0.12418048592364057
457 0.5567368192666522 0.2639799460084844 0.05814710349316555 0.1237948322406479
459 0.585810371013235 0.1407635942923255 0.0577131698850076 0.12418048592364057
460 0.5845085701887611 0.3852680293096799 0.0585810371013235 0.12418048592364057
462 0.6345194185289651 0.5750096413420748 0.05923193751356043 0.12418048592364057
463 0.5474072466912563 0.5084843810258388 0.0585810371013235 0.1237948322406479
465 0.5321110870036885 0.392788276128037 0.06791060967671946 0.14384882375626687
466 0.6875678021262747 0.5788661781720016 0.0694293773052723 0.14577709217123022
467 0.6095682360598829 0.4963362900115696 0.06877847689303536 0.1450057848052449
468 0.5612931221523106 0.24932510605476282 0.06769364287264049 0.14462013112225222
470 0.5957908440008679 0.10566910913999229 0.06725970926448253 0.1450057848052449
472 0.5985029290518551 0.35422290782876975 0.06834454328487741 0.14462013112225222
474 0.5330874376220438 0.39086000771307366 0.07767411586027338 0.16467412263787118
475 0.6165111737904101 0.5063632857693791 0.07875894988066826 0.1658310836868492
476 0.6829030158385767 0.5852294639413806 0.07919288348882621 0.16621673736984188
477 0.5697548275113907 0.2267643655996915 0.07724018225211543 0.16505977632086385
482 0.5397049251464526 0.3762051677593521 0.0874376220438273 0.18549942151947552
483 0.6778042959427207 0.5628615503278056 0.08939032328053807 0.1870420362514462
484 0.5704057279236276 0.19205553413035095 0.08678672163159036 0.1858850752024682
485 0.5905836407029724 0.49710759737755494 0.08808852245606422 0.1858850752024682
488 0.5444781948361901 0.37003470883146933 0.09698416142330224 0.20632472040107983
489 0.6729225428509438 0.5528345545699962 0.099153829464092 0.20786733513305053
490 0.5861358212193535 0.16505977632086385 0.09655022781514429 0.2067103740840725
493 0.6397266218268605 0.3667566525260316 0.09785202863961814 0.20748168145005785
