21 0.10251681492731612 0.1074045507134593 0.008027771750922109 0.020439645198611647
37 0.08168800173573443 0.2824913227921327 0.00846170535908006 0.020439645198611647
55 0.07355174658277283 0.29039722329348244 0.008244738555001085 0.02082529888160432
56 0.35745280972011284 0.8249132279213266 0.00846170535908006 0.02082529888160432
70 0.4098502929051855 0.8638642499035866 0.008678672163159037 0.02082529888160432
73 0.15372098068995443 0.3819899730042422 0.008027771750922109 0.020439645198611647
74 0.3658060316771534 0.824527574238334 0.008678672163159037 0.02082529888160432
80 0.16185723584291603 0.3900887003470883 0.008244738555001085 0.020439645198611647
89 0.06541549142981123 0.2981102969533359 0.00846170535908006 0.02082529888160432
101 0.057279236276849645 0.29791747011183956 0.008244738555001085 0.020439645198611647
103 0.4185289650683445 0.8796760509062862 0.008678672163159037 0.02082529888160432
108 0.04122369277500543 0.2932896259159275 0.008244738555001085 0.020439645198611647
110 0.016814927316120633 0.3127651369070575 0.00846170535908006 0.02082529888160432
115 0.049359947927967024 0.29348245275742385 0.00846170535908006 0.02082529888160432
125 0.007051421132566718 0.3204782105669109 0.00846170535908006 0.02082529888160432
126 0.02495118246908223 0.3089086000771307 0.008244738555001085 0.02082529888160432
129 0.03308743762204383 0.305052063247204 0.00846170535908006 0.02082529888160432
132 0.4423953135170319 0.9112996529116854 0.008678672163159037 0.02082529888160432
134 0.11900629203731829 0.9851523332047821 0.00846170535908006 0.020439645198611647
161 0.34909958776307226 0.825106054762823 0.008678672163159037 0.020439645198611647
165 0.17617704491212843 0.4718472811415349 0.008244738555001085 0.020439645198611647
170 0.061944022564547625 0.31854994215194754 0.00846170535908006 0.02082529888160432
176 0.07626383163376003 0.02911685306594678 0.008027771750922109 0.020439645198611647
189 0.2986548058147103 0.7853837254145777 0.00846170535908006 0.020439645198611647
190 0.09589932740290735 0.12765136907057462 0.008244738555001085 0.02082529888160432
200 0.11748752440876546 0.9647126880061705 0.00846170535908006 0.020439645198611647
205 0.049034497721848556 0.3139220979560355 0.008244738555001085 0.02082529888160432
206 0.04100672597092645 0.3135364442730428 0.008244738555001085 0.02082529888160432
213 0.19581254068127577 0.4313536444273043 0.008027771750922109 0.020439645198611647
218 0.06910392709915383 0.10644041650597763 0.008027771750922109 0.02082529888160432
231 0.01486222607940985 0.3328191284226764 0.00846170535908006 0.02082529888160432
233 0.11087003688435669 0.9361743154647126 0.008678672163159037 0.020439645198611647
237 0.4016055543501844 0.8763979946008484 0.008678672163159037 0.020439645198611647
245 0.12746799739639836 0.9812957963748554 0.00846170535908006 0.020439645198611647
248 0.08982425688869602 0.282684149633629 0.008244738555001085 0.02082529888160432
258 0.08157951833369495 0.30273814114924796 0.008244738555001085 0.02082529888160432
260 0.006725970926448254 0.34072502892402623 0.008244738555001085 0.020439645198611647
261 0.026144499891516598 0.7090242961820286 0.00846170535908006 0.020439645198611647
275 0.08082013451941852 0.28866178172001544 0.016706443914081145 0.041264944080215964
287 0.05803862009112606 0.3040879290397223 0.016706443914081145 0.041264944080215964
293 0.04198307658928184 0.29946008484381026 0.016706443914081145 0.041264944080215964
295 0.1577348665654155 0.392209795603548 0.01648947711000217 0.040879290397223295
297 0.01920156216098937 0.31893559583494024 0.016706443914081145 0.04165059776320864
310 0.4124538945541332 0.869841881989973 0.017357344326318074 0.041264944080215964
318 0.11672814059448905 0.9463941380640185 0.01692341071816012 0.040879290397223295
325 0.17368192666522023 0.4820671037408407 0.016272510305923193 0.040879290397223295
337 0.02712085050987199 0.6988044735827227 0.01692341071816012 0.04165059776320864
343 0.29615968756780214 0.7917470111839569 0.01692341071816012 0.040879290397223295
345 0.3565849425037969 0.822792132664867 0.017140377522239097 0.041264944080215964
349 0.11032761987415925 0.9053220208252989 0.017140377522239097 0.041264944080215964
350 0.04350184421783467 0.7240647898187428 0.017140377522239097 0.041264944080215964
351 0.1000216966804079 0.11357500964134208 0.016055543501844217 0.041264944080215964
363 0.05554350184421784 0.31411492479753184 0.024734215665003254 0.06209024296182029
370 0.024734215665003254 0.3252988816043193 0.025168149273161206 0.06209024296182029
378 0.1225862443046214 0.9568067875048206 0.025602082881319158 0.06170458927882761
387 0.08006075070514211 0.2905900501349788 0.024734215665003254 0.06209024296182029
402 0.05142113256671729 0.3202853837254146 0.03341288782816229 0.0829155418434246
419 0.12019960945975265 0.9300038565368299 0.034280755044478195 0.08214423447743927
427 0.04881753091776958 0.33031237948322406 0.04165762638316338 0.10374084072502893
444 0.044695161640269036 0.34014654839953723 0.04990236493816446 0.12418048592364057
459 0.04198307658928184 0.3501735441573467 0.058364070297244525 0.1450057848052449
471 0.03796919071382079 0.35634400308522945 0.06682577565632458 0.1658310836868492
