0 0.2598177478845737 0.6243733127651369 0.009329572575395965 0.02082529888160432
1 0.2508136255152962 0.6155032780563054 0.00954653937947494 0.02082529888160432
2 0.2552614449989152 0.5588121866563825 0.009329572575395965 0.02082529888160432
3 0.2415925363419397 0.6151176243733127 0.009329572575395965 0.02082529888160432
5 0.23041874593187242 0.6270728885460856 0.00954653937947494 0.02082529888160432
6 0.21154263397700152 0.6504049363671424 0.00954653937947494 0.021210952564596992
7 0.22108917335647646 0.6305437716930197 0.00954653937947494 0.02082529888160432
9 0.26893035365589063 0.6328576937909757 0.009329572575395965 0.02082529888160432
10 0.2386634844868735 0.5703817971461628 0.00954653937947494 0.02082529888160432
11 0.20568453026686917 0.6706517547242576 0.00954653937947494 0.02082529888160432
13 0.23638533304404427 0.5946779791747011 0.009329572575395965 0.02082529888160432
16 0.2642655673681927 0.5672965676822214 0.00954653937947494 0.02082529888160432
18 0.36016489477110003 0.1020053991515619 0.009112605771316989 0.020439645198611647
20 0.21197656758515948 0.630158118010027 0.00954653937947494 0.02082529888160432
23 0.22792362768496421 0.9039722329348245 0.009763506183553917 0.02082529888160432
24 0.1979822087220655 0.6903200925568839 0.009763506183553917 0.02082529888160432
25 0.243219787372532 0.8762051677593521 0.00954653937947494 0.02082529888160432
26 0.20243002820568454 0.6498264558426533 0.00954653937947494 0.02082529888160432
27 0.23801258407463657 0.8557655225607405 0.00954653937947494 0.02082529888160432
28 0.5150791928834888 0.4712688006170459 0.009112605771316989 0.020053991515618975
29 0.37101323497504884 0.10644041650597763 0.009112605771316989 0.02082529888160432
30 0.22824907789108267 0.8839182414192056 0.00954653937947494 0.02082529888160432
31 0.22087220655239748 0.6509834168916313 0.00954653937947494 0.02082529888160432
32 0.3768713386851812 0.041264944080215964 0.009112605771316989 0.02082529888160432
34 0.2288999783033196 0.8430389510219822 0.00954653937947494 0.02082529888160432
36 0.22846604469516163 0.8634785962205939 0.00954653937947494 0.02082529888160432
38 0.22575395964417444 0.5696104897801774 0.009329572575395965 0.02082529888160432
40 0.2190279887177262 0.8750482067103741 0.009763506183553917 0.02082529888160432
42 0.21523106964634411 0.7647512533744697 0.00954653937947494 0.02082529888160432
43 0.23822955087871556 0.8353258773621288 0.00954653937947494 0.02082529888160432
45 0.20568453026686917 0.7805630543771693 0.00954653937947494 0.02082529888160432
46 0.2137123020177913 0.740262244504435 0.00954653937947494 0.021210952564596992
47 0.21848557170752875 0.911685306594678 0.00954653937947494 0.02082529888160432
49 0.23736168366239965 0.8962591592749711 0.00954653937947494 0.02082529888160432
50 0.378390106313734 0.06170458927882761 0.009112605771316989 0.02082529888160432
51 0.2477760902581905 0.5665252603162361 0.00954653937947494 0.02082529888160432
52 0.38055977435452376 0.021018125723100654 0.009112605771316989 0.020439645198611647
54 0.2137123020177913 0.8546085615117625 0.00954653937947494 0.02082529888160432
57 0.38001735734432635 0.08619359814886232 0.008895638967238013 0.020439645198611647
60 0.2181601215014103 0.9321249517932896 0.009763506183553917 0.02082529888160432
61 0.20666088088522455 0.9436945622830698 0.009763506183553917 0.02082529888160432
62 0.38511607724018226 0.1068260701889703 0.009112605771316989 0.02082529888160432
63 0.20427424604035582 0.8661781720015426 0.009763506183553917 0.02082529888160432
65 0.21414623562594923 0.6097184728114153 0.00954653937947494 0.02082529888160432
67 0.1963549576914732 0.7842267643655997 0.00954653937947494 0.021210952564596992
68 0.2260794098502929 0.5491708445815657 0.00954653937947494 0.02082529888160432
69 0.450640052072033 0.25086772078673353 0.009112605771316989 0.020439645198611647
71 0.2233673247993057 0.9529502506748939 0.009763506183553917 0.02082529888160432
72 0.21664135387285746 0.5692248360971848 0.009329572575395965 0.02082529888160432
73 0.19299197222824907 0.9838025453143078 0.009763506183553917 0.02082529888160432
74 0.21479713603818615 0.7932896259159274 0.00954653937947494 0.02082529888160432
75 0.5689954436971143 0.8987659082144235 0.009329572575395965 0.020439645198611647
77 0.1972228249077891 0.9514076359429232 0.00954653937947494 0.02082529888160432
78 0.20948144933825125 0.8870034708831469 0.009763506183553917 0.02082529888160432
82 0.20915599913213279 0.9072502892402623 0.00954653937947494 0.021210952564596992
84 0.2370362334562812 0.9166988044735828 0.009763506183553917 0.02082529888160432
85 0.19765675851594705 0.7107597377554956 0.00954653937947494 0.02082529888160432
87 0.21197656758515948 0.9645198611646741 0.00954653937947494 0.02082529888160432
88 0.2061184638750271 0.7601234091785577 0.00954653937947494 0.02082529888160432
89 0.23041874593187242 0.9818742768993444 0.00954653937947494 0.02082529888160432
90 0.22369277500542417 0.5898573081372928 0.00954653937947494 0.021210952564596992
93 0.20459969624647428 0.7396837639799461 0.00954653937947494 0.02082529888160432
94 0.40637882403992187 0.14404165059776322 0.009112605771316989 0.020439645198611647
95 0.39401171620742026 0.11511762437331277 0.009112605771316989 0.020439645198611647
97 0.22759817747884573 0.9244118781334362 0.00954653937947494 0.02082529888160432
100 0.20015187676285529 0.8862321635171616 0.009763506183553917 0.02082529888160432
103 0.2403992189195053 0.8148862321635172 0.00954653937947494 0.02082529888160432
104 0.22911694510739858 0.8225993058233706 0.00954653937947494 0.02082529888160432
105 0.19494467346495986 0.86579251831855 0.009763506183553917 0.02082529888160432
108 0.20264699500976352 0.6293868106440417 0.00954653937947494 0.02082529888160432
109 0.2053590800607507 0.801002699575781 0.009763506183553917 0.02082529888160432
110 0.3857669776524192 0.0414577709217123 0.009112605771316989 0.020439645198611647
111 0.38891299631156434 0.086579251831855 0.008895638967238013 0.020439645198611647
112 0.19982642655673682 0.9066718087157732 0.00954653937947494 0.02082529888160432
113 0.19754827511390757 0.9309679907443116 0.009763506183553917 0.02082529888160432
115 0.20763723150357996 0.5603548013883533 0.00954653937947494 0.02082529888160432
116 0.41874593187242354 0.16872348630929426 0.009112605771316989 0.020439645198611647
121 0.20232154480364503 0.9845738526802931 0.009763506183553917 0.02082529888160432
122 0.38728574528097204 0.06613960663324335 0.009112605771316989 0.020439645198611647
125 0.20459969624647428 0.8457385268029309 0.00954653937947494 0.02082529888160432
127 0.21696680407897592 0.548785190898573 0.00954653937947494 0.02082529888160432
128 0.40290735517465825 0.12360200539915156 0.009112605771316989 0.020439645198611647
130 0.2196788891299631 0.8345545699961434 0.009763506183553917 0.02082529888160432
136 0.22390974180950315 0.8019668337832626 0.00954653937947494 0.021210952564596992
139 0.19982642655673682 0.5804087929039722 0.00954653937947494 0.02082529888160432
141 0.24625732262963768 0.9213266486694948 0.00954653937947494 0.02082529888160432
146 0.198307658928184 0.6700732741997686 0.00954653937947494 0.021210952564596992
150 0.38945541332176176 0.021210952564596992 0.009112605771316989 0.02082529888160432
151 0.24560642221740073 0.5950636328576938 0.00954653937947494 0.02082529888160432
153 0.2232588413972662 0.610104126494408 0.00954653937947494 0.02082529888160432
155 0.4152744630071599 0.1482838411106826 0.009112605771316989 0.020439645198611647
156 0.5079192883488827 0.45102198225993057 0.009112605771316989 0.020439645198611647
158 0.40594489043176396 0.18877747782491322 0.009112605771316989 0.020439645198611647
159 0.42764157083966153 0.18106440416505978 0.009112605771316989 0.020439645198611647
160 0.19678889129963115 0.7639799460084844 0.00954653937947494 0.02082529888160432
163 0.4719027988717726 0.3364828384111068 0.009112605771316989 0.020439645198611647
165 0.21165111737904102 0.9849595063632858 0.009763506183553917 0.02082529888160432
168 0.19602950748535475 0.804473582722715 0.009763506183553917 0.02082529888160432
169 0.2143632024300282 0.8137292711145392 0.00954653937947494 0.02082529888160432
170 0.2137123020177913 0.5279598920169688 0.00954653937947494 0.02082529888160432
171 0.39770015187676283 0.09487080601619745 0.009112605771316989 0.02082529888160432
173 0.2325884139726622 0.6066332433474739 0.00954653937947494 0.02082529888160432
180 0.2224994575829898 0.7732356344003085 0.009763506183553917 0.02082529888160432
181 0.5650900412236928 0.8706131893559583 0.009329572575395965 0.020439645198611647
184 0.22119765675851594 0.973004242190513 0.009763506183553917 0.02082529888160432
188 0.36515513126491644 0.1509834168916313 0.009112605771316989 0.020439645198611647
196 0.23280538077674115 0.9533359043578866 0.00954653937947494 0.02082529888160432
203 0.20883054892601433 0.9274971075973776 0.009763506183553917 0.02082529888160432
205 0.20492514645259274 0.6093328191284226 0.009329572575395965 0.02082529888160432
206 0.252549359947928 0.8765908214423448 0.00954653937947494 0.02082529888160432
207 0.4935994792796702 0.369263401465484 0.009112605771316989 0.020439645198611647
210 0.5781080494684313 0.8459313536444273 0.009329572575395965 0.020439645198611647
215 0.43653720980689953 0.1934053220208253 0.009112605771316989 0.020439645198611647
216 0.2188110219136472 0.8914384882375627 0.009763506183553917 0.021210952564596992
217 0.20503362985463225 0.8214423447743926 0.00954653937947494 0.02082529888160432
218 0.22824907789108267 0.5287311993829541 0.00954653937947494 0.02082529888160432
222 0.477326968973747 0.2998457385268029 0.009112605771316989 0.020439645198611647
230 0.39455413321761773 0.045892788276128034 0.008895638967238013 0.02082529888160432
233 0.39618138424821003 0.06633243347473969 0.009112605771316989 0.02082529888160432
234 0.19527012367107832 0.8453528731199383 0.00954653937947494 0.02082529888160432
236 0.5352571056628336 0.5323949093713845 0.009112605771316989 0.020439645198611647
238 0.5781080494684313 0.8254917084458157 0.009329572575395965 0.020439645198611647
239 0.4118029941418963 0.12360200539915156 0.009112605771316989 0.020439645198611647
240 0.3430245172488609 0.036251446201311224 0.009112605771316989 0.02082529888160432
241 0.4454328487741376 0.20574623987659083 0.009112605771316989 0.020439645198611647
242 0.42764157083966153 0.16062475896644812 0.009112605771316989 0.020439645198611647
243 0.3577782599262313 0.17123023524874662 0.009112605771316989 0.02082529888160432
244 0.5079192883488827 0.4059005013497879 0.009112605771316989 0.020439645198611647
251 0.20264699500976352 0.9641342074816814 0.00954653937947494 0.02082529888160432
253 0.5152961596875678 0.4263401465483995 0.009112605771316989 0.020439645198611647
254 0.4899110436103276 0.34882375626687234 0.009112605771316989 0.020439645198611647
258 0.3592970275547841 0.016390281527188584 0.009112605771316989 0.020439645198611647
261 0.48448687350835323 0.3283841110682607 0.009112605771316989 0.020439645198611647
262 0.4065957908440009 0.10316236020053991 0.009112605771316989 0.020439645198611647
263 0.2407246691256238 0.6131893559583494 0.018876111954870906 0.04165059776320864
264 0.2145801692341072 0.6403779406093328 0.01909307875894988 0.04203625144620131
265 0.25894988066825775 0.6220593906671809 0.018876111954870906 0.04165059776320864
266 0.2270557604686483 0.893945237177015 0.019310045563028858 0.04165059776320864
267 0.2333477977869386 0.8534516004627845 0.019310045563028858 0.04165059776320864
269 0.23215448036450423 0.5719244118781335 0.01909307875894988 0.04165059776320864
270 0.21230201779127794 0.7747782491322792 0.019310045563028858 0.04165059776320864
271 0.202755478411803 0.6804859236405708 0.019310045563028858 0.04203625144620131
272 0.252549359947928 0.5564982645584265 0.01909307875894988 0.04165059776320864
273 0.2170752874810154 0.934053220208253 0.019310045563028858 0.04165059776320864
274 0.20883054892601433 0.8684920940994987 0.019310045563028858 0.04165059776320864
275 0.3812106747667607 0.04762822984959506 0.018225211542633978 0.041264944080215964
276 0.3825124755912345 0.09660624758966448 0.018225211542633978 0.041264944080215964
281 0.1981991755261445 0.9454300038565369 0.019310045563028858 0.04203625144620131
286 0.21403775222390975 0.5588121866563825 0.018876111954870906 0.04165059776320864
288 0.19895855934042092 0.9047435403008098 0.019527012367107834 0.04165059776320864
290 0.2151225862443046 0.827998457385268 0.019310045563028858 0.04165059776320864
291 0.4089824256888696 0.13787119166988046 0.018225211542633978 0.041264944080215964
298 0.2018876111954871 0.7335133050520632 0.019310045563028858 0.04165059776320864
299 0.36472119765675853 0.10007713073659853 0.018225211542633978 0.041264944080215964
300 0.4004122369277501 0.09699190127265715 0.018008244738555 0.041264944080215964
301 0.4267737036233456 0.17084458156575397 0.018225211542633978 0.040879290397223295
303 0.22770666088088523 0.9714616274585423 0.019310045563028858 0.04165059776320864
305 0.2223909741809503 0.6122252217508677 0.01909307875894988 0.04203625144620131
306 0.2458233890214797 0.8866178172001543 0.01909307875894988 0.04165059776320864
312 0.23584291603384683 0.8125723100655611 0.01909307875894988 0.04165059776320864
315 0.5142113256671729 0.4610489780177401 0.018225211542633978 0.04049363671423062
316 0.2359513994358863 0.9309679907443116 0.019310045563028858 0.04165059776320864
323 0.5808201345194185 0.8397608947165446 0.01865914515079193 0.041264944080215964
324 0.20416576263831634 0.5989201696876205 0.01909307875894988 0.04165059776320864
325 0.3988934692991972 0.05611261087543386 0.018008244738555 0.041264944080215964
326 0.36255152961596876 0.14905514847666795 0.018225211542633978 0.041264944080215964
331 0.44456498155782165 0.195526417277285 0.018225211542633978 0.040879290397223295
334 0.4962030809286179 0.36328576937909757 0.018225211542633978 0.040879290397223295
335 0.2008027771750922 0.798688777477825 0.019310045563028858 0.04165059776320864
336 0.34389238446517684 0.04222907828769765 0.018225211542633978 0.041264944080215964
337 0.21295291820351486 0.5179328962591593 0.018876111954870906 0.04165059776320864
338 0.5606422217400737 0.8846895487851909 0.01865914515079193 0.040879290397223295
339 0.4478194836190063 0.25260316236020053 0.018225211542633978 0.040879290397223295
340 0.4087654588847906 0.17875048206710373 0.018225211542633978 0.041264944080215964
342 0.4783033195921024 0.2896259159274971 0.018008244738555 0.040879290397223295
343 0.5143198090692124 0.4161203239490937 0.018008244738555 0.040879290397223295
347 0.4781948361900629 0.3386039336675665 0.018225211542633978 0.040879290397223295
351 0.23074419613799088 0.6023910528345545 0.028422651334345846 0.062475896644812956
352 0.23009329572575396 0.8839182414192056 0.0288565849425038 0.062475896644812956
353 0.21414623562594923 0.9440802159660625 0.029073551746582774 0.062475896644812956
354 0.20948144933825125 0.7767065175472426 0.0288565849425038 0.062475896644812956
355 0.20785419830765892 0.6542614731970691 0.028639618138424822 0.06286155032780563
356 0.3853330440442612 0.09043578866178172 0.027337817313950966 0.06209024296182029
359 0.20405727923627684 0.8742768993443888 0.0288565849425038 0.062475896644812956
361 0.220763723150358 0.5406864635557269 0.028422651334345846 0.062475896644812956
362 0.23291386417878066 0.8225993058233706 0.0288565849425038 0.062475896644812956
364 0.25786504664786286 0.6239876590821443 0.028422651334345846 0.062475896644812956
370 0.4151659796051204 0.1561897416120324 0.02712085050987199 0.06170458927882761
373 0.25721414623562594 0.5507134593135364 0.028422651334345846 0.062475896644812956
377 0.20676936428726406 0.7153875819514076 0.028639618138424822 0.062475896644812956
380 0.5187676285528314 0.44677979174701116 0.027337817313950966 0.06131893559583494
381 0.41191147754393576 0.09525645969919012 0.02712085050987199 0.06170458927882761
384 0.5854849208071166 0.8335904357886618 0.027988717726187894 0.06131893559583494
387 0.3582121935343892 0.11820285383725415 0.027337817313950966 0.06209024296182029
388 0.44185289650683446 0.18530659467797916 0.02712085050987199 0.06131893559583494
389 0.4827511390757214 0.3326263015811801 0.027337817313950966 0.06131893559583494
392 0.459535691039271 0.24662553027381412 0.027337817313950966 0.06131893559583494
393 0.24224343675417662 0.9456228306980332 0.0288565849425038 0.062475896644812956
396 0.5480581471034932 0.5161974546856922 0.027337817313950966 0.06131893559583494
398 0.23356476459101758 0.5966062475896645 0.03796919071382079 0.08330119552641728
399 0.22553699284009546 0.8773621288083301 0.03840312432197874 0.08330119552641728
401 0.21045779995660663 0.7707288854608562 0.03818615751789976 0.08368684920940996
402 0.3880451290952484 0.0802159660624759 0.03623345628118898 0.08252988816043193
406 0.21197656758515948 0.6768222136521403 0.03818615751789976 0.08330119552641728
407 0.4177695812540681 0.1625530273814115 0.03623345628118898 0.08214423447743927
418 0.5215881970058581 0.4406093328191284 0.036450423085267955 0.08137292711145391
420 0.455087871555652 0.2242576166602391 0.03623345628118898 0.08214423447743927
421 0.27023215448036453 0.5981488623216352 0.03796919071382079 0.08330119552641728
422 0.2144716858320677 0.5343231777863479 0.03796919071382079 0.08368684920940996
424 0.5901497070948145 0.8314693405322021 0.03731829030158386 0.08175858079444659
425 0.4871989585593404 0.3347473968376398 0.03623345628118898 0.08175858079444659
426 0.22260794098502928 0.8754338603933668 0.04816663050553265 0.1041264944080216
427 0.23638533304404427 0.5904357886617817 0.047515730093295724 0.1041264944080216
429 0.3924929485788674 0.07423833397608948 0.04512909524842699 0.10296953335904357
431 0.2151225862443046 0.7728499807173158 0.047949663701453676 0.1041264944080216
435 0.4240616185723584 0.16467412263787118 0.045346062052505964 0.10258387967605091
439 0.21674983727489694 0.6710374084072502 0.0477326968973747 0.1041264944080216
443 0.5838576697765242 0.8580794446586965 0.046864829681058796 0.10258387967605091
444 0.5207203297895422 0.4303895102198226 0.04556302885658494 0.10181257231006556
445 0.21772618789325232 0.8974161203239491 0.05793013668908657 0.12495179328962591
446 0.23356476459101758 0.5923640570767451 0.05706226947277067 0.12495179328962591
448 0.38782816229116945 0.10065561126108755 0.05445866782382296 0.12340917855765522
449 0.2196788891299631 0.7751639028152719 0.05749620308092862 0.12495179328962591
457 0.4408765458884791 0.195526417277285 0.05424170101974398 0.12340917855765522
458 0.5885224560642222 0.8519089857308138 0.056194402256454765 0.12263787119166988
459 0.2224994575829898 0.8873891245661396 0.06747667606856152 0.14577709217123022
460 0.2288999783033196 0.594099498650212 0.06639184204816663 0.1461627458542229
462 0.4045346062052506 0.13170073274199767 0.06357127359513995 0.14384882375626687
464 0.22466912562377955 0.7446972618588508 0.06704274246040356 0.14577709217123022
470 0.2270557604686483 0.8897030466640956 0.07702321544803645 0.16660239105283456
471 0.23161206335430679 0.5962205939066718 0.07615534823172054 0.16660239105283456
477 0.43545237578650464 0.19533359043578866 0.07246691256237796 0.16390281527188585
481 0.23584291603384683 0.6189741612032394 0.0854849208071165 0.18742768993443887
490 0.24029073551746583 0.6210952564596992 0.09481449338251248 0.20786733513305053
