0 0.3655890648730744 0.2624373312765137 0.008244738555001085 0.020439645198611647
1 0.3622260794098503 0.28287697647512533 0.00846170535908006 0.020439645198611647
2 0.3538728574528097 0.29097570381797144 0.008244738555001085 0.020439645198611647
3 0.3689520503362985 0.24199768607790204 0.00846170535908006 0.020439645198611647
4 0.39346929919722284 0.11511762437331277 0.00846170535908006 0.020439645198611647
5 0.35723584291603383 0.2624373312765137 0.00846170535908006 0.020439645198611647
6 0.373942286830115 0.2624373312765137 0.00846170535908006 0.020439645198611647
7 0.39672380125840745 0.09467797917470112 0.00846170535908006 0.020439645198611647
8 0.3604903449772185 0.24199768607790204 0.00846170535908006 0.020439645198611647
9 0.34551963549576914 0.28287697647512533 0.00846170535908006 0.020439645198611647
10 0.3672163159036667 0.2215580408792904 0.00846170535908006 0.020439645198611647
12 0.3852245606422217 0.12360200539915156 0.00846170535908006 0.020439645198611647
15 0.396615317856368 0.07423833397608948 0.008244738555001085 0.020439645198611647
16 0.5957908440008679 0.018511376783648285 0.008678672163159037 0.02082529888160432
17 0.6379908873942287 0.39182414192055537 0.008895638967238013 0.02082529888160432
18 0.585810371013235 0.010798303123794832 0.008678672163159037 0.02082529888160432
23 0.6108700368843567 0.029888160431932126 0.00846170535908006 0.021210952564596992
26 0.6192232588413973 0.037601234091785576 0.008678672163159037 0.021210952564596992
27 0.306574094163593 0.4745468569224836 0.008678672163159037 0.020439645198611647
28 0.3487741375569538 0.2624373312765137 0.00846170535908006 0.020439645198611647
31 0.2980039054024734 0.47416120323949096 0.00846170535908006 0.020439645198611647
32 0.36710783250162726 0.20111839568067874 0.008244738555001085 0.020439645198611647
33 0.630939466261662 0.04512148091014269 0.008678672163159037 0.02082529888160432
34 0.3127576480798438 0.8536444273042808 0.008895638967238013 0.020439645198611647
35 0.3948795834237362 0.05399151561897416 0.008244738555001085 0.02082529888160432
36 0.28954220004339337 0.47416120323949096 0.00846170535908006 0.020439645198611647
37 0.6297461488392276 0.40455071345931354 0.008895638967238013 0.02082529888160432
38 0.3884790627034064 0.09487080601619745 0.00846170535908006 0.02082529888160432
39 0.3370579301366891 0.2747782491322792 0.00846170535908006 0.020439645198611647
41 0.3914081145584726 0.4660624758966448 0.008678672163159037 0.020439645198611647
42 0.28097201128227384 0.4865021210952565 0.008678672163159037 0.020439645198611647
45 0.3998698199175526 0.46182028538372544 0.008678672163159037 0.020439645198611647
46 0.32870470817964853 0.2786347859622059 0.008244738555001085 0.020439645198611647
47 0.3521371230201779 0.24199768607790204 0.008244738555001085 0.020439645198611647
48 0.315035799522673 0.49074431160817583 0.008678672163159037 0.020439645198611647
50 0.2775005424170102 0.5067489394523718 0.008678672163159037 0.02082529888160432
52 0.39802560208288135 0.013305052063247204 0.00846170535908006 0.020439645198611647
53 0.3588630939466262 0.2215580408792904 0.008244738555001085 0.020439645198611647
54 0.6233456281188978 0.4253760123409179 0.008678672163159037 0.02082529888160432
55 0.37697982208722064 0.13170073274199767 0.00846170535908006 0.020439645198611647
56 0.3064656107615535 0.49479367527959894 0.00846170535908006 0.02082529888160432
57 0.3829464091993925 0.47416120323949096 0.008678672163159037 0.020439645198611647
58 0.3948795834237362 0.03374469726185885 0.008244738555001085 0.020439645198611647
61 0.32035148622260795 0.28287697647512533 0.00846170535908006 0.020439645198611647
63 0.6384248210023866 0.412263787119167 0.008895638967238013 0.02082529888160432
65 0.4083315252766327 0.46182028538372544 0.008678672163159037 0.020439645198611647
66 0.28607073117812976 0.5069417662938681 0.00846170535908006 0.020439645198611647
68 0.2980039054024734 0.4946008484381026 0.00846170535908006 0.020439645198611647
69 0.311021913647212 0.8332047821056691 0.008895638967238013 0.020439645198611647
70 0.38837057930136687 0.07462398765908214 0.008244738555001085 0.020439645198611647
72 0.28943371664135387 0.5273814114924797 0.008678672163159037 0.020439645198611647
74 0.618029941418963 0.058040879290397224 0.00846170535908006 0.021210952564596992
79 0.28086352788023433 0.5271885846509834 0.00846170535908006 0.02082529888160432
80 0.3493165545671512 0.8414963362900115 0.008678672163159037 0.020053991515618975
82 0.27988717726187895 0.3436174315464713 0.008678672163159037 0.02082529888160432
83 0.29615968756780214 0.5478210566910914 0.008678672163159037 0.020439645198611647
87 0.3405293990019527 0.2543386039336676 0.00846170535908006 0.020439645198611647
88 0.6104361032761988 0.4585422290782877 0.008895638967238013 0.02082529888160432
90 0.29789542200043395 0.5150404936367142 0.008678672163159037 0.020439645198611647
92 0.3744847038403124 0.4826455842653297 0.008678672163159037 0.020439645198611647
94 0.6151008895638967 0.43810258387967604 0.008678672163159037 0.02082529888160432
96 0.3149273161206335 0.5111839568067875 0.00846170535908006 0.020439645198611647
97 0.6272510305923193 0.024681835711531045 0.008678672163159037 0.02082529888160432
98 0.6188978086352788 0.01716158889317393 0.00846170535908006 0.021210952564596992
99 0.37068778476893033 0.28287697647512533 0.00846170535908006 0.020439645198611647
100 0.3064656107615535 0.5150404936367142 0.00846170535908006 0.020439645198611647
101 0.3654805814710349 0.1806787504820671 0.00846170535908006 0.020439645198611647
102 0.31970058581037103 0.8332047821056691 0.008895638967238013 0.020439645198611647
104 0.6236710783250162 0.4458156575395295 0.008895638967238013 0.02082529888160432
105 0.27142547190279886 0.35576552256074045 0.008678672163159037 0.020439645198611647
106 0.3047298763289217 0.5397223293482453 0.00846170535908006 0.020439645198611647
108 0.6026252983293556 0.030466640956421133 0.00846170535908006 0.02082529888160432
109 0.3406378824039922 0.8293482452757424 0.008678672163159037 0.020439645198611647
110 0.6319158168800174 0.4330890860007713 0.008895638967238013 0.02082529888160432
114 0.3802343241484053 0.10316236020053991 0.00846170535908006 0.020439645198611647
117 0.5939466261661965 0.4963362900115696 0.008895638967238013 0.02082529888160432
118 0.3234975048817531 0.5111839568067875 0.008678672163159037 0.020439645198611647
119 0.6020828813191582 0.4712688006170459 0.008678672163159037 0.02082529888160432
120 0.4169017140377522 0.46567682221365214 0.00846170535908006 0.020439645198611647
123 0.6190062920373183 0.46625530273814114 0.008678672163159037 0.02082529888160432
124 0.3587546105445867 0.20111839568067874 0.00846170535908006 0.020439645198611647
125 0.328813191581688 0.2581951407635943 0.00846170535908006 0.020439645198611647
127 0.3660229984812324 0.49498650212109524 0.008678672163159037 0.020439645198611647
128 0.31199826426556737 0.2743925954492865 0.008244738555001085 0.020439645198611647
129 0.3493165545671512 0.8212495179328962 0.008678672163159037 0.020439645198611647
130 0.33195921024083314 0.8212495179328962 0.008678672163159037 0.020439645198611647
134 0.32035148622260795 0.2624373312765137 0.00846170535908006 0.020439645198611647
135 0.36699934909958776 0.15638256845352874 0.00846170535908006 0.020439645198611647
136 0.31319158168800176 0.5354801388353259 0.00846170535908006 0.020439645198611647
137 0.3999783033195921 0.48225993058233707 0.00846170535908006 0.020439645198611647
140 0.35745280972011284 0.5030852294639414 0.00846170535908006 0.020439645198611647
141 0.391516597960512 0.4865021210952565 0.00846170535908006 0.020439645198611647
142 0.6024083315252766 0.49170844581565754 0.008895638967238013 0.02082529888160432
144 0.6106530700802777 0.47898187427689937 0.008895638967238013 0.02082529888160432
145 0.30939466261661963 0.8127651369070574 0.008678672163159037 0.020439645198611647
147 0.34378390106313733 0.23389895873505592 0.00846170535908006 0.020439645198611647
148 0.40844000867867214 0.48225993058233707 0.00846170535908006 0.020439645198611647
149 0.3217617704491213 0.5316236020053992 0.008678672163159037 0.020439645198611647
152 0.6323497504881753 0.4533359043578866 0.008895638967238013 0.021210952564596992
153 0.38663484486873506 0.0541843424604705 0.008244738555001085 0.020439645198611647
155 0.37264048600564115 0.4089857308137293 0.00846170535908006 0.020439645198611647
156 0.5909090909090909 0.5167759352101813 0.008895638967238013 0.02082529888160432
157 0.36862660013018006 0.13594292325491708 0.008244738555001085 0.020439645198611647
159 0.26459101757431114 0.3762051677593521 0.00846170535908006 0.020439645198611647
160 0.2552614449989152 0.8694562283069803 0.008895638967238013 0.020439645198611647
161 0.3898893469299197 0.013305052063247204 0.008244738555001085 0.020439645198611647
163 0.4649598611412454 0.521789433089086 0.008678672163159037 0.02082529888160432
164 0.3406378824039922 0.8089086000771307 0.008678672163159037 0.020439645198611647
169 0.45454545454545453 0.5057848052448901 0.008678672163159037 0.020439645198611647
170 0.27153395530483837 0.3353258773621288 0.00846170535908006 0.020439645198611647
172 0.383054892601432 0.4946008484381026 0.00846170535908006 0.020439645198611647
173 0.3801258407463658 0.08272271500192827 0.008244738555001085 0.020439645198611647
174 0.37719678889129965 0.24199768607790204 0.00846170535908006 0.020439645198611647
175 0.3217617704491213 0.5520632472040108 0.008678672163159037 0.020439645198611647
176 0.4855717075287481 0.5416505977632087 0.008678672163159037 0.020439645198611647
178 0.34899110436103276 0.523524874662553 0.00846170535908006 0.020439645198611647
180 0.33033195921024083 0.5316236020053992 0.00846170535908006 0.020439645198611647
183 0.47515730093295727 0.5337446972618588 0.008678672163159037 0.02082529888160432
185 0.27240182252115425 0.5231392209795603 0.00846170535908006 0.020439645198611647
187 0.49414189628986765 0.5495564982645584 0.008895638967238013 0.02082529888160432
190 0.5937296593621176 0.47589664481295796 0.008895638967238013 0.02082529888160432
191 0.3505098719895856 0.21345931353644426 0.00846170535908006 0.020439645198611647
192 0.25884139726621824 0.8490165831083687 0.008678672163159037 0.020439645198611647
194 0.3718811021913647 0.11126108754338604 0.008244738555001085 0.020439645198611647
195 0.38663484486873506 0.03374469726185885 0.008244738555001085 0.020439645198611647
200 0.3745931872423519 0.5030852294639414 0.00846170535908006 0.020439645198611647
201 0.41701019743979173 0.4861164674122638 0.008678672163159037 0.020439645198611647
203 0.6275764807984379 0.4739683763979946 0.008895638967238013 0.02082529888160432
207 0.445975265784335 0.5019282684149634 0.00846170535908006 0.020439645198611647
209 0.3036450423085268 0.2624373312765137 0.00846170535908006 0.020439645198611647
218 0.31199826426556737 0.2543386039336676 0.008244738555001085 0.020439645198611647
220 0.35452375786504664 0.8008098727342846 0.008678672163159037 0.020439645198611647
221 0.3571273595139944 0.1806787504820671 0.008244738555001085 0.020439645198611647
223 0.3660229984812324 0.5150404936367142 0.008678672163159037 0.020439645198611647
224 0.6193317422434368 0.4866949479367528 0.008895638967238013 0.02082529888160432
225 0.3575612931221523 0.523524874662553 0.008678672163159037 0.020439645198611647
227 0.45628118897808634 0.5260316236020054 0.008678672163159037 0.02082529888160432
229 0.6110870036884357 0.499421519475511 0.008895638967238013 0.02082529888160432
232 0.30961162942069864 0.674315464712688 0.008678672163159037 0.020439645198611647
233 0.3387936645693209 0.5356729656768222 0.00846170535908006 0.020053991515618975
234 0.43740507702321546 0.5019282684149634 0.008678672163159037 0.020439645198611647
236 0.5027120850509872 0.5574623987659082 0.008678672163159037 0.020439645198611647
237 0.42547190279887176 0.47377554955649825 0.008678672163159037 0.020439645198611647
239 0.28758949880668255 0.5478210566910914 0.00846170535908006 0.020439645198611647
241 0.5270123671078325 0.18511376783648284 0.008678672163159037 0.02082529888160432
242 0.26296376654371884 0.35576552256074045 0.008678672163159037 0.020439645198611647
243 0.3009329572575396 0.674315464712688 0.008678672163159037 0.020439645198611647
244 0.33033195921024083 0.5520632472040108 0.00846170535908006 0.020439645198611647
249 0.24658277283575614 0.873312765136907 0.008895638967238013 0.020439645198611647
252 0.3587546105445867 0.16023910528345545 0.00846170535908006 0.020439645198611647
254 0.29225428509438056 0.6905129193983802 0.008678672163159037 0.020439645198611647
257 0.3622260794098503 0.30331662167373696 0.00846170535908006 0.020439645198611647
258 0.3181818181818182 0.674315464712688 0.00846170535908006 0.020439645198611647
260 0.6028422651334345 0.5121480910142692 0.008895638967238013 0.02082529888160432
262 0.4034497721848557 0.5026995757809487 0.00846170535908006 0.020439645198611647
264 0.5113907572141463 0.565368299267258 0.008678672163159037 0.02082529888160432
265 0.28954220004339337 0.4946008484381026 0.00846170535908006 0.020439645198611647
266 0.42547190279887176 0.4942151947551099 0.008678672163159037 0.020439645198611647
267 0.33543067910609675 0.23389895873505592 0.008244738555001085 0.020439645198611647
268 0.4666955955738772 0.5422290782876976 0.008678672163159037 0.02082529888160432
270 0.35799522673031026 0.8212495179328962 0.008678672163159037 0.020439645198611647
272 0.2395313517031894 0.5998843038951022 0.008678672163159037 0.020439645198611647
275 0.25612931221523105 0.37581951407635944 0.00846170535908006 0.020439645198611647
277 0.6017574311130397 0.45102198225993057 0.008895638967238013 0.021210952564596992
278 0.5199609459752658 0.5730813729271115 0.008895638967238013 0.02082529888160432
279 0.3232805380776741 0.8129579637485538 0.008678672163159037 0.020053991515618975
281 0.305923193751356 0.780370227535673 0.008678672163159037 0.020439645198611647
284 0.3614666955955739 0.2726571538758195 0.01692341071816012 0.040879290397223295
285 0.36472119765675853 0.23177786347859622 0.01692341071816012 0.040879290397223295
286 0.3910826643523541 0.10913999228692634 0.016706443914081145 0.040879290397223295
287 0.34465176827945326 0.2726571538758195 0.016706443914081145 0.040879290397223295
289 0.30234324148405295 0.48052448900887 0.017140377522239097 0.040879290397223295
290 0.3924929485788674 0.06826070188970304 0.01648947711000217 0.040879290397223295
292 0.6200911260577132 0.03548013883532588 0.017357344326318074 0.04165059776320864
294 0.2852028639618138 0.4924797531816429 0.017140377522239097 0.040879290397223295
295 0.6340854849208071 0.41033551870420365 0.01757431113039705 0.04165059776320864
299 0.3136255152961597 0.8434246047049749 0.01757431113039705 0.040879290397223295
300 0.39563896723801256 0.47204010798303125 0.017140377522239097 0.040879290397223295
301 0.3279453243653721 0.2684149633629001 0.016706443914081145 0.040879290397223295
303 0.2936645693208939 0.5333590435788662 0.017140377522239097 0.040879290397223295
305 0.6178129746148839 0.44812957963748556 0.01757431113039705 0.04165059776320864
307 0.31069646344109353 0.5214037794060933 0.01692341071816012 0.040879290397223295
308 0.3628769798220872 0.19089857308137292 0.016706443914081145 0.040879290397223295
309 0.34844868735083534 0.8312765136907058 0.017357344326318074 0.04049363671423062
310 0.37437622043827296 0.12572310065561126 0.016706443914081145 0.040879290397223295
312 0.34790627034063787 0.23177786347859622 0.016706443914081145 0.040879290397223295
313 0.4126708613582122 0.4718472811415349 0.017357344326318074 0.041264944080215964
314 0.6014319809069213 0.48168145005784807 0.017791277934476026 0.04165059776320864
315 0.37871555651985245 0.4843810258387968 0.017140377522239097 0.040879290397223295
317 0.2739205901497071 0.34554569996143464 0.017140377522239097 0.040879290397223295
320 0.6348448687350835 0.4512148091014269 0.017791277934476026 0.04165059776320864
325 0.31113039704925144 0.2645584265329734 0.01692341071816012 0.040879290397223295
326 0.36179214580169233 0.5090628615503278 0.017140377522239097 0.040879290397223295
327 0.32772835756129315 0.541843424604705 0.017140377522239097 0.040879290397223295
330 0.33109134302451726 0.8231777863478597 0.017357344326318074 0.04049363671423062
333 0.4588847906270341 0.5200539915156189 0.017357344326318074 0.041264944080215964
334 0.6185723584291604 0.4888160431932125 0.017791277934476026 0.04203625144620131
335 0.25265784334996744 0.8592364057076745 0.01757431113039705 0.040879290397223295
337 0.5936211759600781 0.522946394138064 0.017791277934476026 0.04165059776320864
339 0.47786938598394446 0.5439645198611647 0.01757431113039705 0.041264944080215964
340 0.3052722933391191 0.6845352873119939 0.017357344326318074 0.040879290397223295
342 0.44174441310479495 0.5080987273428461 0.017357344326318074 0.041264944080215964
344 0.49511824690822304 0.5597763208638642 0.017357344326318074 0.041264944080215964
345 0.3447602516814927 0.541843424604705 0.01692341071816012 0.040879290397223295
350 0.256997179431547 0.36984188198997303 0.017140377522239097 0.040879290397223295
351 0.37437622043827296 0.08484381025838797 0.016706443914081145 0.040879290397223295
352 0.35788674332827075 0.15001928268414963 0.016706443914081145 0.040879290397223295
354 0.2766326752006943 0.5210181257231007 0.017357344326318074 0.040879290397223295
358 0.30331959210240833 0.762051677593521 0.017357344326318074 0.040879290397223295
360 0.3588630939466262 0.2662938681064404 0.025168149273161206 0.06131893559583494
361 0.3884790627034064 0.09892016968762052 0.02495118246908223 0.06131893559583494
362 0.2980039054024734 0.49074431160817583 0.025819049685398134 0.06131893559583494
367 0.3604903449772185 0.20536058619359815 0.02495118246908223 0.06131893559583494
368 0.6301800824473855 0.4290397223293482 0.02668691690171404 0.06286155032780563
369 0.33369494467346494 0.2624373312765137 0.025168149273161206 0.06131893559583494
371 0.3982425688869603 0.478210566910914 0.025819049685398134 0.06170458927882761
374 0.3882620958993274 0.037794060933281914 0.02495118246908223 0.06170458927882761
375 0.6057713169885007 0.48341689163131507 0.026469950097635062 0.06286155032780563
376 0.3458450857018876 0.825106054762823 0.02603601648947711 0.06131893559583494
378 0.3179648513777392 0.8374469726185885 0.026252983293556086 0.06131893559583494
380 0.3234975048817531 0.5316236020053992 0.025602082881319158 0.06131893559583494
383 0.3728574528097201 0.5030852294639414 0.025819049685398134 0.06131893559583494
384 0.26968973747016706 0.347473968376398 0.025602082881319158 0.06170458927882761
387 0.36374484703840315 0.14404165059776322 0.02495118246908223 0.06131893559583494
388 0.3060316771533955 0.6947551099112996 0.025819049685398134 0.06131893559583494
389 0.42384465176827946 0.49016583108368683 0.025819049685398134 0.06170458927882761
390 0.45302668691690173 0.5221750867720787 0.02603601648947711 0.06170458927882761
391 0.27240182252115425 0.5067489394523718 0.025819049685398134 0.06170458927882761
392 0.25016272510305926 0.8530659467797918 0.026469950097635062 0.06170458927882761
394 0.6313733998698199 0.49016583108368683 0.026469950097635062 0.062475896644812956
395 0.30863527880234326 0.2581951407635943 0.025385116077240182 0.06131893559583494
396 0.47873725320026034 0.5499421519475511 0.026252983293556086 0.06170458927882761
397 0.29778693859839445 0.5516775935210181 0.025819049685398134 0.06131893559583494
398 0.29898025602082884 0.7556883918241419 0.02603601648947711 0.06131893559583494
399 0.35810371013234976 0.260316236020054 0.03362985463224127 0.08175858079444659
400 0.297027554784118 0.5007713073659853 0.034280755044478195 0.08214423447743927
401 0.38435669342590584 0.0929425376012341 0.033195921024083315 0.08175858079444659
405 0.6261661965719245 0.4394523717701504 0.03558255586895205 0.08368684920940996
407 0.3992189195053157 0.48843038951021983 0.034280755044478195 0.08214423447743927
409 0.3244738555001085 0.2522175086772079 0.03362985463224127 0.08175858079444659
411 0.35799522673031026 0.1785576552256074 0.03341288782816229 0.08175858079444659
414 0.6037101323497505 0.5140763594292326 0.035365589064873075 0.08330119552641728
415 0.36526361466695595 0.517161588893174 0.03406378824039922 0.08175858079444659
416 0.30169234107181603 0.7130736598534516 0.03449772184855717 0.08175858079444659
418 0.33109134302451726 0.541843424604705 0.034280755044478195 0.08175858079444659
420 0.265458884790627 0.3534516004627844 0.03406378824039922 0.08214423447743927
421 0.450423085267954 0.5281527188584652 0.03471468865263615 0.08214423447743927
422 0.3223041874593187 0.8312765136907058 0.03493165545671512 0.08137292711145391
424 0.3538728574528097 0.2500964134207482 0.04209155999132133 0.10219822599305824
425 0.29789542200043395 0.5069417662938681 0.04295942720763723 0.10219822599305824
426 0.3818615751789976 0.08677207867335134 0.04165762638316338 0.10258387967605091
428 0.6221523106964635 0.44986502121095256 0.04447819483619006 0.10451214809101426
431 0.3983510522889998 0.49865021210952565 0.04295942720763723 0.10258387967605091
435 0.29724452158819703 0.7229078287697648 0.04339336081579518 0.10219822599305824
436 0.3405293990019527 0.5437716930196683 0.04274246040355825 0.10181257231006556
439 0.4409850292905185 0.5142691862707289 0.043176394011716204 0.10296953335904357
441 0.31199826426556737 0.2624373312765137 0.04209155999132133 0.10219822599305824
442 0.3497504881753092 0.23987659082144233 0.05033629854632241 0.12263787119166988
443 0.30039054024734213 0.5007713073659853 0.05142113256671729 0.12302352487466256
445 0.37773920590149707 0.08060161974546858 0.04990236493816446 0.12263787119166988
446 0.618029941418963 0.46027767065175473 0.0531568669993491 0.1253374469726186
449 0.3975916684747234 0.5088700347088315 0.05142113256671729 0.12302352487466256
454 0.2963766543718811 0.7209795603548014 0.05207203297895422 0.12302352487466256
456 0.34551963549576914 0.23370613189355957 0.05879800390540248 0.14269186270728884
458 0.29963115643306576 0.49055148476667954 0.05988283792579735 0.1434631700732742
460 0.6140160555435018 0.4664481295796375 0.06205250596658711 0.1461627458542229
461 0.37361683662399653 0.07462398765908214 0.05814710349316555 0.14307751639028152
463 0.39346929919722284 0.5190898573081373 0.060099804729876326 0.1434631700732742
467 0.34465176827945326 0.22348630929425375 0.06704274246040356 0.1631315079059005
469 0.30386200911260575 0.48052448900887 0.06834454328487741 0.16351716158889318
472 0.6098936862660013 0.4730042421905129 0.07073117812974615 0.16698804473582723
474 0.3892384465176828 0.5293096799074432 0.06856151008895639 0.16390281527188585
477 0.34714688652636144 0.21326648669494794 0.07550444781948362 0.18357115310451214
479 0.3098285962247776 0.4703046664095642 0.07680624864395748 0.1839568067875048
482 0.6058798003905402 0.47917470111839566 0.07962681709698416 0.18781334361743154
484 0.38837057930136687 0.49440802159660624 0.07724018225211543 0.1843424604704975
485 0.35810371013234976 0.19899730042421906 0.08396615317856368 0.20439645198611647
487 0.2901931004556303 0.4475510991129965 0.08526795400303754 0.20478210566910915
490 0.6017574311130397 0.4855379868877748 0.0883054892601432 0.2082529888160432
492 0.3893469299197223 0.5003856536829927 0.08570188761119549 0.20478210566910915
