1 0.6257322629637665 0.1461627458542229 0.009980472987632893 0.02082529888160432
3 0.6356042525493599 0.15387581951407636 0.010197439791711869 0.02082529888160432
5 0.6455847255369929 0.15734670266101042 0.010197439791711869 0.02082529888160432
6 0.6290952484269907 0.545314307751639 0.010197439791711869 0.02082529888160432
7 0.6615317856367976 0.5765522560740455 0.010414406595790845 0.02082529888160432
9 0.626057713169885 0.16660239105283456 0.010197439791711869 0.02082529888160432
11 0.6553482317205468 0.16120323949093715 0.010197439791711869 0.02082529888160432
13 0.6513343458450856 0.560740455071346 0.010414406595790845 0.02082529888160432
14 0.6269255803862009 0.5250674893945237 0.010197439791711869 0.020439645198611647
15 0.6359297027554784 0.174315464712688 0.009980472987632893 0.02082529888160432
16 0.6390757214146235 0.5491708445815657 0.010197439791711869 0.02082529888160432
17 0.5758298980256021 0.25414577709217123 0.009980472987632893 0.02082529888160432
18 0.6084834020394879 0.4973004242190513 0.010197439791711869 0.020439645198611647
19 0.5980689954436971 0.46509834168916314 0.010197439791711869 0.02082529888160432
23 0.6157517899761337 0.13420748168145005 0.009980472987632893 0.02082529888160432
24 0.6612063354306791 0.5561126108754338 0.010197439791711869 0.02082529888160432
25 0.6458016923410718 0.17778634785962205 0.010197439791711869 0.02082529888160432
26 0.608266435235409 0.47705360586193596 0.010197439791711869 0.02082529888160432
27 0.5854849208071166 0.22927111453914384 0.010197439791711869 0.020439645198611647
28 0.5978520286396182 0.4446586964905515 0.010197439791711869 0.02082529888160432
29 0.5717075287481015 0.23389895873505592 0.009980472987632893 0.020439645198611647
32 0.6159687567802127 0.1546471268800617 0.009980472987632893 0.02082529888160432
33 0.6184638750271209 0.4969147705360586 0.010197439791711869 0.020439645198611647
34 0.5879800390540247 0.27400694176629387 0.009980472987632893 0.020439645198611647
36 0.6388587546105445 0.5287311993829541 0.010197439791711869 0.02082529888160432
37 0.5928617921458017 0.3513305052063247 0.010197439791711869 0.02082529888160432
39 0.60804946843133 0.4566139606633243 0.010197439791711869 0.02082529888160432
40 0.5922108917335648 0.2942537601234092 0.010197439791711869 0.02082529888160432
41 0.599370796268171 0.40397223293482454 0.010197439791711869 0.020439645198611647
42 0.6490561944022565 0.5403008098727343 0.010197439791711869 0.02082529888160432
43 0.5930787589498807 0.2045892788276128 0.010197439791711869 0.020439645198611647
44 0.5730093295725754 0.18087157732356343 0.009980472987632893 0.02082529888160432
45 0.5945975265784335 0.33089086000771306 0.010197439791711869 0.02082529888160432
46 0.5995877630722499 0.4242190512919398 0.010197439791711869 0.02082529888160432
47 0.626274679973964 0.1870420362514462 0.010197439791711869 0.02082529888160432
48 0.5753959644174441 0.21326648669494794 0.009980472987632893 0.02082529888160432
50 0.5969841614233022 0.3713844967219437 0.010197439791711869 0.02082529888160432
51 0.6162942069863311 0.17508677207867335 0.010197439791711869 0.02082529888160432
52 0.5857018876111955 0.2537601234091786 0.010197439791711869 0.02082529888160432
54 0.6557821653287047 0.18164288468954878 0.010197439791711869 0.02082529888160432
55 0.6285528314167932 0.5046278441959121 0.010414406595790845 0.020439645198611647
56 0.5829898025602083 0.19282684149633628 0.009980472987632893 0.02082529888160432
59 0.5952484269906704 0.2248360971847281 0.010197439791711869 0.02082529888160432
60 0.6027337817313951 0.19205553413035095 0.009980472987632893 0.02082529888160432
62 0.6182469082230418 0.4766679521789433 0.010197439791711869 0.02082529888160432
63 0.6684747233673248 0.9224836097184728 0.010414406595790845 0.02082529888160432
64 0.648947711000217 0.12456613960663325 0.009980472987632893 0.02082529888160432
65 0.6165111737904101 0.195526417277285 0.010197439791711869 0.02082529888160432
66 0.6050119331742243 0.2121095256459699 0.010197439791711869 0.02082529888160432
67 0.5954653937947494 0.24527574238333977 0.010197439791711869 0.02082529888160432
68 0.6027337817313951 0.35094485152333205 0.009980472987632893 0.02082529888160432
69 0.6362551529615968 0.19475510991129966 0.010197439791711869 0.02082529888160432
70 0.5927533087437622 0.1843424604704975 0.009980472987632893 0.02082529888160432
71 0.5978520286396182 0.2736212880833012 0.010197439791711869 0.020439645198611647
72 0.5655239748318507 0.2136521403779406 0.010197439791711869 0.02082529888160432
73 0.6097852028639618 0.4361743154647127 0.010197439791711869 0.02082529888160432
75 0.6589281839878499 0.5360586193598149 0.010414406595790845 0.02082529888160432
76 0.5827728357561293 0.17238719629772464 0.009980472987632893 0.02082529888160432
77 0.6064222174007377 0.17142306209024297 0.009980472987632893 0.020439645198611647
78 0.5727923627684964 0.1604319321249518 0.009980472987632893 0.02082529888160432
79 0.616728140594489 0.5173544157346702 0.010197439791711869 0.020439645198611647
80 0.6264916467780429 0.20709602776706518 0.010197439791711869 0.02082529888160432
82 0.6282273812106748 0.4843810258387968 0.010197439791711869 0.02082529888160432
83 0.6095682360598829 0.41573467026610106 0.010197439791711869 0.02082529888160432
84 0.6071816012150141 0.38333976089471655 0.010197439791711869 0.02082529888160432
85 0.6148839227598177 0.21596606247589664 0.009980472987632893 0.02082529888160432
86 0.6386417878064656 0.5082915541843425 0.010197439791711869 0.02082529888160432
87 0.618029941418963 0.4562283069803317 0.010197439791711869 0.02082529888160432
88 0.6021913647211976 0.3100655611261088 0.010197439791711869 0.02082529888160432
89 0.6390757214146235 0.1210952564596992 0.010197439791711869 0.02082529888160432
90 0.648730744196138 0.5202468183571153 0.010414406595790845 0.02082529888160432
91 0.6461271425471903 0.1982259930582337 0.009980472987632893 0.02082529888160432
92 0.6052288999783033 0.23254917084458157 0.010197439791711869 0.02082529888160432
93 0.6044695161640269 0.3305052063247204 0.009980472987632893 0.02082529888160432
94 0.6545888479062704 0.1041264944080216 0.009980472987632893 0.02082529888160432
96 0.6054458667823823 0.25298881604319323 0.010197439791711869 0.02082529888160432
97 0.6691256237795618 0.9714616274585423 0.010414406595790845 0.02082529888160432
98 0.550010848340204 0.23467026610104127 0.009980472987632893 0.020439645198611647
99 0.6057713169885007 0.12263787119166988 0.009980472987632893 0.02082529888160432
101 0.6151008895638967 0.2364057076745083 0.009980472987632893 0.02082529888160432
102 0.6077240182252115 0.2732356344003085 0.009980472987632893 0.020439645198611647
104 0.44282924712518984 0.45314307751639027 0.009980472987632893 0.02082529888160432
105 0.6280104144065958 0.46394138064018514 0.010197439791711869 0.02082529888160432
106 0.6060967671946192 0.15117624373312766 0.010197439791711869 0.02082529888160432
107 0.6559991321327837 0.20169687620516777 0.010197439791711869 0.02082529888160432
108 0.6248643957474507 0.22772849980717316 0.009980472987632893 0.020439645198611647
109 0.6197656758515947 0.43578866178172 0.010197439791711869 0.02082529888160432
110 0.5904751573009329 0.31469340532202084 0.010197439791711869 0.02082529888160432
111 0.6290952484269907 0.10933281912842267 0.010197439791711869 0.020439645198611647
112 0.5745280972011282 0.13999228692634014 0.009980472987632893 0.02082529888160432
113 0.6383163376003471 0.48785190898573083 0.010414406595790845 0.02082529888160432
114 0.6447168583206769 0.10065561126108755 0.010197439791711869 0.02082529888160432
115 0.6364721197656759 0.2148091014269186 0.010197439791711869 0.02082529888160432
116 0.5663918420481666 0.2911685306594678 0.010197439791711869 0.02082529888160432
117 0.617162074202647 0.09371384496721943 0.010197439791711869 0.02082529888160432
118 0.5961162942069863 0.13517161588893173 0.010197439791711869 0.020439645198611647
120 0.6586027337817314 0.5156189741612033 0.010197439791711869 0.02082529888160432
121 0.5861358212193535 0.12340917855765522 0.010197439791711869 0.02082529888160432
122 0.6193317422434368 0.41534901658310835 0.010197439791711869 0.02082529888160432
123 0.5925363419396832 0.16390281527188585 0.009980472987632893 0.02082529888160432
124 0.6195487090475157 0.5742383339760895 0.010197439791711869 0.02082529888160432
125 0.6484052939900196 0.49980717315850365 0.010197439791711869 0.02082529888160432
126 0.540030375352571 0.2267643655996915 0.009980472987632893 0.02082529888160432
127 0.617162074202647 0.3951021982259931 0.010197439791711869 0.020439645198611647
130 0.6128227381210675 0.36270728885460857 0.010197439791711869 0.020439645198611647
131 0.48329355608591884 0.541843424604705 0.010197439791711869 0.02082529888160432
132 0.617379041006726 0.2564596991901273 0.010197439791711869 0.02082529888160432
133 0.6119548709047515 0.29348245275742385 0.010197439791711869 0.02082529888160432
135 0.4430462139292688 0.4733898958735056 0.009980472987632893 0.020439645198611647
136 0.6071816012150141 0.08175858079444659 0.010197439791711869 0.02082529888160432
137 0.6562160989368626 0.08368684920940996 0.010197439791711869 0.02082529888160432
139 0.6464525927533088 0.21866563825684535 0.010197439791711869 0.02082529888160432
140 0.5957908440008679 0.11492479753181643 0.009980472987632893 0.02082529888160432
141 0.5844000867867216 0.14384882375626687 0.010197439791711869 0.02082529888160432
142 0.6297461488392276 0.44350173544157345 0.010197439791711869 0.02082529888160432
144 0.5267954003037535 0.2842267643655997 0.009980472987632893 0.02082529888160432
145 0.5484920807116511 0.6785576552256074 0.010414406595790845 0.020439645198611647
146 0.5227815144282925 0.9724257616660239 0.010197439791711869 0.020439645198611647
147 0.6379908873942287 0.46741226378711914 0.010197439791711869 0.02082529888160432
148 0.43675417661097854 0.432896259159275 0.009980472987632893 0.020439645198611647
149 0.6145584725536993 0.3420748168145006 0.010197439791711869 0.02082529888160432
150 0.6271425471902798 0.24797531816428847 0.010197439791711869 0.02082529888160432
151 0.6143415057496203 0.3220208252988816 0.010197439791711869 0.02082529888160432
152 0.549793881536125 0.2142306209024296 0.009980472987632893 0.020439645198611647
153 0.4124538945541332 0.33146934053220206 0.009980472987632893 0.020439645198611647
155 0.5873291386417878 0.7423833397608948 0.010414406595790845 0.02082529888160432
158 0.6367975699717943 0.23524874662553028 0.009980472987632893 0.02082529888160432
159 0.5709481449338252 0.718472811415349 0.010197439791711869 0.02082529888160432
161 0.5612931221523106 0.368684920940995 0.009980472987632893 0.02082529888160432
162 0.6269255803862009 0.08908600077130736 0.010197439791711869 0.02082529888160432
163 0.6638099370796268 0.5969919012726571 0.010197439791711869 0.02082529888160432
165 0.567368192666522 0.19321249517932895 0.009980472987632893 0.02082529888160432
167 0.6215014102842266 0.2768993443887389 0.010197439791711869 0.02082529888160432
170 0.6069646344109352 0.5341303509448515 0.010197439791711869 0.02082529888160432
171 0.414623562594923 0.35190898573081375 0.009980472987632893 0.020439645198611647
172 0.5384031243219788 0.6706517547242576 0.010197439791711869 0.02082529888160432
173 0.6463441093512693 0.0802159660624759 0.009980472987632893 0.02082529888160432
174 0.6481883271859405 0.479367527959892 0.010197439791711869 0.02082529888160432
175 0.5587980039054025 0.6986116467412263 0.010197439791711869 0.020439645198611647
176 0.4893686266001302 0.5620902429618203 0.010197439791711869 0.020439645198611647
177 0.6295291820351486 0.4230620902429618 0.010197439791711869 0.02082529888160432
178 0.5452375786504665 0.15734670266101042 0.009980472987632893 0.02082529888160432
179 0.6583857669776524 0.4951793289625916 0.010197439791711869 0.02082529888160432
180 0.6141245389455413 0.7944465869649056 0.010197439791711869 0.02082529888160432
182 0.6536124972879149 0.8785190898573081 0.010197439791711869 0.02082529888160432
183 0.6563245823389021 0.2221365214037794 0.009980472987632893 0.02082529888160432
184 0.6228032111087004 0.3744697261858851 0.010197439791711869 0.02082529888160432
185 0.4430462139292688 0.49382954107211724 0.009980472987632893 0.020439645198611647
186 0.6219353438923845 0.2969533359043579 0.010197439791711869 0.02082529888160432
187 0.57626383163376 0.1195526417277285 0.009980472987632893 0.02082529888160432
188 0.6430896072900846 0.850366370998843 0.010414406595790845 0.02082529888160432
189 0.5246257322629637 0.9519861164674123 0.010414406595790845 0.020439645198611647
190 0.5725753959644174 0.3112225221750868 0.009980472987632893 0.02082529888160432
191 0.43295725753959646 0.4533359043578866 0.010197439791711869 0.020439645198611647
192 0.6271425471902798 0.3945237177015041 0.010197439791711869 0.02082529888160432
193 0.6365806031677154 0.08060161974546858 0.009980472987632893 0.02082529888160432
194 0.6168366239965285 0.07327419976860779 0.009980472987632893 0.02082529888160432
195 0.6465610761553482 0.9641342074816814 0.010414406595790845 0.02082529888160432
196 0.5985029290518551 0.4855379868877748 0.010197439791711869 0.02082529888160432
198 0.38055977435452376 0.2342846124180486 0.009980472987632893 0.020439645198611647
200 0.6397266218268605 0.4469726185885075 0.010197439791711869 0.02082529888160432
201 0.6019743979171187 0.2896259159274971 0.010197439791711869 0.02082529888160432
202 0.414623562594923 0.37215580408792903 0.009980472987632893 0.02082529888160432
203 0.4026903883705793 0.32337061318935595 0.009980472987632893 0.020439645198611647
204 0.5080277717509221 0.6390281527188585 0.010197439791711869 0.02082529888160432
205 0.5005424170101974 0.2034323177786348 0.009980472987632893 0.020439645198611647
208 0.6204165762638316 0.8145005784805245 0.010197439791711869 0.02082529888160432
209 0.6312649164677804 0.26802930967990746 0.010197439791711869 0.02082529888160432
211 0.6466695595573877 0.239105283455457 0.010197439791711869 0.02082529888160432
213 0.5972011282273813 0.06594677979174701 0.010197439791711869 0.02082529888160432
214 0.5772401822521154 0.7387196297724643 0.010197439791711869 0.020439645198611647
216 0.6558906487307442 0.06324720401079831 0.009980472987632893 0.02082529888160432
217 0.6241050119331742 0.31739298110296954 0.010197439791711869 0.02082529888160432
218 0.5748535474072467 0.3397608947165445 0.010197439791711869 0.02082529888160432
219 0.5104144065957908 0.21133821827998459 0.010197439791711869 0.02082529888160432
220 0.6039270991538295 0.786733513305052 0.010197439791711869 0.02082529888160432
221 0.6326752006942937 0.9811029695333591 0.010414406595790845 0.02082529888160432
222 0.6245389455413322 0.35403008098727345 0.010197439791711869 0.02082529888160432
224 0.6504664786287698 0.9436945622830698 0.010414406595790845 0.02082529888160432
225 0.5105228899978304 0.23177786347859622 0.009980472987632893 0.02082529888160432
227 0.6308309828596225 0.8386039336675665 0.010197439791711869 0.020439645198611647
228 0.6539379474940334 0.8987659082144235 0.010414406595790845 0.020439645198611647
229 0.5609676719461922 0.7188584650983417 0.010197439791711869 0.02082529888160432
230 0.5896072900846171 0.7628229849595064 0.010197439791711869 0.02082529888160432
231 0.6688001735734432 0.9510219822599306 0.010631373399869819 0.02082529888160432
234 0.5353655890648731 0.3490165831083687 0.010197439791711869 0.02082529888160432
235 0.518225211542634 0.6550327805630544 0.010197439791711869 0.020439645198611647
236 0.5289650683445433 0.304473582722715 0.009980472987632893 0.020439645198611647
237 0.6680407897591668 0.9022367913613575 0.010414406595790845 0.020439645198611647
238 0.5321110870036885 0.6382568453528731 0.010197439791711869 0.02082529888160432
239 0.6499240616185724 0.4589278827612804 0.010197439791711869 0.02082529888160432
240 0.5282056845302668 0.6669880447358272 0.010197439791711869 0.020439645198611647
241 0.5781080494684313 0.2743925954492865 0.010197439791711869 0.020439645198611647
242 0.6433065740941636 0.8708060161974547 0.010414406595790845 0.02082529888160432
243 0.6410284226513343 0.25954492865406864 0.010197439791711869 0.02082529888160432
244 0.5486005641136906 0.698997300424219 0.010197439791711869 0.020439645198611647
245 0.6316988500759384 0.2884689548785191 0.010197439791711869 0.02082529888160432
246 0.49793881536124973 0.6311222522175087 0.009980472987632893 0.020439645198611647
247 0.5456715122586244 0.1939838025453143 0.009980472987632893 0.02082529888160432
248 0.47146886526361464 0.562475896644813 0.009980472987632893 0.020439645198611647
249 0.40464308960729006 0.35190898573081375 0.009980472987632893 0.020439645198611647
250 0.5207203297895422 0.2639799460084844 0.009980472987632893 0.020439645198611647
252 0.6363636363636364 0.9606633243347474 0.010414406595790845 0.02082529888160432
253 0.6395096550227816 0.4269186270728885 0.010197439791711869 0.02082529888160432
256 0.4533521371230202 0.542421905129194 0.010197439791711869 0.020439645198611647
258 0.6447168583206769 0.8175858079444659 0.010197439791711869 0.02082529888160432
259 0.585159470600998 0.20902429618202853 0.009980472987632893 0.02082529888160432
261 0.37264048600564115 0.21384496721943694 0.009763506183553917 0.020439645198611647
262 0.6601215014102843 0.47473968376397996 0.010197439791711869 0.02082529888160432
263 0.54024734215665 0.24720401079830312 0.009980472987632893 0.02082529888160432
264 0.3927099153829464 0.30331662167373696 0.009980472987632893 0.020439645198611647
265 0.5566283358646127 0.2996529116853066 0.010197439791711869 0.02082529888160432
266 0.5428509438055977 0.11666023910528346 0.009980472987632893 0.020439645198611647
267 0.4677804295942721 0.033359043578866175 0.009980472987632893 0.020439645198611647
268 0.6460186591451508 0.05977632086386425 0.010197439791711869 0.02082529888160432
269 0.4330657409416359 0.47377554955649825 0.009980472987632893 0.020439645198611647
270 0.5219136472119765 0.6182028538372542 0.010197439791711869 0.02082529888160432
271 0.5602082881319158 0.26282298495950634 0.009980472987632893 0.020439645198611647
272 0.6515513126491647 0.5811801002699576 0.010414406595790845 0.02082529888160432
274 0.6566500325450206 0.24257616660239106 0.010197439791711869 0.02082529888160432
275 0.6068561510088957 0.06131893559583494 0.009980472987632893 0.02082529888160432
276 0.49511824690822304 0.03258773621288083 0.009980472987632893 0.020439645198611647
277 0.4432631807333478 0.5142691862707289 0.009980472987632893 0.020439645198611647
278 0.6154263397700152 0.11415349016583108 0.010197439791711869 0.02082529888160432
279 0.6266001301800824 0.06864635557269572 0.009980472987632893 0.02082529888160432
281 0.6428726404860057 0.9847666795217894 0.010414406595790845 0.020439645198611647
282 0.378607073117813 0.2543386039336676 0.009980472987632893 0.020439645198611647
283 0.5354740724669126 0.1658310836868492 0.009980472987632893 0.02082529888160432
284 0.6500325450206118 0.9193983802545315 0.010414406595790845 0.02082529888160432
285 0.48784985897157734 0.6232163517161589 0.010197439791711869 0.02082529888160432
287 0.5972011282273813 0.39182414192055537 0.010197439791711869 0.02082529888160432
289 0.5386200911260577 0.6910913999228693 0.010197439791711869 0.02082529888160432
290 0.6327836840963332 0.3740840725028924 0.010197439791711869 0.02082529888160432
292 0.6613148188327186 0.8453528731199383 0.010414406595790845 0.02082529888160432
293 0.6371230201779128 0.4022367913613575 0.010197439791711869 0.02082529888160432
294 0.6288782816229117 0.1604319321249518 0.02017791277934476 0.04165059776320864
296 0.6486222607940985 0.1673736984188199 0.02017791277934476 0.04165059776320864
297 0.6339770015187677 0.5391438488237563 0.020394879583423738 0.04165059776320864
298 0.6583857669776524 0.5622830698033167 0.020611846387502714 0.04165059776320864
299 0.6114124538945541 0.4870806016197455 0.020394879583423738 0.04165059776320864
300 0.5787589498806682 0.24373312765136906 0.02017791277934476 0.04165059776320864
302 0.602950748535474 0.44658696490551486 0.020394879583423738 0.04165059776320864
305 0.5841831199826426 0.20285383725414577 0.02017791277934476 0.04165059776320864
306 0.5977435452375787 0.34496721943694564 0.020394879583423738 0.041264944080215964
307 0.5930787589498807 0.28403393752410333 0.02017791277934476 0.041264944080215964
308 0.6039270991538295 0.20208252988816044 0.02017791277934476 0.04165059776320864
309 0.6044695161640269 0.40570767450829154 0.020394879583423738 0.04165059776320864
310 0.6234541115209373 0.2013112225221751 0.02017791277934476 0.04165059776320864
311 0.5985029290518551 0.2429618202853837 0.02017791277934476 0.04165059776320864
312 0.6314818832718594 0.498264558426533 0.020611846387502714 0.04165059776320864
313 0.6091343024517248 0.16120323949093715 0.02017791277934476 0.04165059776320864
314 0.5758298980256021 0.16236020053991515 0.019960945975265786 0.04165059776320864
315 0.647862876979822 0.11453914384882376 0.020394879583423738 0.04165059776320864
316 0.6537209806899544 0.521789433089086 0.020394879583423738 0.04165059776320864
318 0.6433065740941636 0.20863864249903585 0.020394879583423738 0.04165059776320864
319 0.6229116945107399 0.4458156575395295 0.020394879583423738 0.04165059776320864
321 0.6181384248210023 0.2421905129193984 0.020394879583423738 0.04165059776320864
323 0.6204165762638316 0.11993829541072117 0.02017791277934476 0.04165059776320864
324 0.6128227381210675 0.28326263015811803 0.02017791277934476 0.041264944080215964
325 0.5470817964851378 0.22849980717315851 0.02017791277934476 0.041264944080215964
326 0.5969841614233022 0.12090242961820286 0.02017791277934476 0.041264944080215964
327 0.6178129746148839 0.36444273042807557 0.02017791277934476 0.04165059776320864
328 0.4379474940334129 0.45526417277285 0.02017791277934476 0.041264944080215964
329 0.6242134953352138 0.4049363671423062 0.020394879583423738 0.04165059776320864
330 0.6172705576046865 0.32375626687234865 0.020394879583423738 0.041264944080215964
331 0.6140160555435018 0.07944465869649055 0.019960945975265786 0.04165059776320864
332 0.5674766760685616 0.2971461627458542 0.02017791277934476 0.041264944080215964
333 0.6512258624430463 0.48129579637485537 0.020611846387502714 0.04165059776320864
335 0.6512258624430463 0.07365985345160046 0.02017791277934476 0.04165059776320864
337 0.6139075721414624 0.5275742383339761 0.020611846387502714 0.04165059776320864
338 0.40768062486439577 0.3376397994600848 0.019960945975265786 0.041264944080215964
339 0.6379908873942287 0.24951793289625915 0.02017791277934476 0.04165059776320864
341 0.5455630288565849 0.6847281141534902 0.020611846387502714 0.041264944080215964
342 0.5644391408114559 0.20362514462013112 0.02017791277934476 0.04165059776320864
343 0.4843783901063137 0.5520632472040108 0.02017791277934476 0.041264944080215964
345 0.5258190496853982 0.28210566910914 0.02017791277934476 0.041264944080215964
346 0.6506834454328487 0.8846895487851909 0.02082881319158169 0.04165059776320864
347 0.5844000867867216 0.7527959892016969 0.020611846387502714 0.04165059776320864
349 0.639618138424821 0.9706903200925568 0.02082881319158169 0.04165059776320864
351 0.5074853547407246 0.21770150404936367 0.019960945975265786 0.041264944080215964
352 0.6426556736819267 0.44080215966062475 0.020394879583423738 0.04165059776320864
353 0.5640052072032979 0.7209795603548014 0.020611846387502714 0.041264944080215964
355 0.44011716207420265 0.49595063632857694 0.02017791277934476 0.040879290397223295
356 0.6091343024517248 0.7965676822213652 0.020611846387502714 0.041264944080215964
357 0.6632675200694294 0.9247975318164289 0.02082881319158169 0.04165059776320864
361 0.5772401822521154 0.1216737369841882 0.02017791277934476 0.041264944080215964
362 0.3756780212627468 0.2364057076745083 0.01974397917118681 0.040879290397223295
363 0.509112605771317 0.6492479753181642 0.02017791277934476 0.041264944080215964
364 0.6365806031677154 0.29039722329348244 0.020394879583423738 0.04165059776320864
366 0.5423085267954003 0.15541843424604704 0.02017791277934476 0.04165059776320864
367 0.6315903666738989 0.07443116081758581 0.019960945975265786 0.04165059776320864
368 0.625840746365806 0.8407250289240262 0.020611846387502714 0.04165059776320864
369 0.40974180950314604 0.3783262630158118 0.02017791277934476 0.040879290397223295
370 0.6430896072900846 0.9298110296953336 0.02082881319158169 0.04165059776320864
371 0.6225862443046214 0.5802159660624759 0.020611846387502714 0.041264944080215964
372 0.5941635929702755 0.05572695719244119 0.02017791277934476 0.041264944080215964
373 0.6372315035799523 0.3310836868492094 0.020394879583423738 0.041264944080215964
374 0.5699717943154697 0.3459313536444273 0.020394879583423738 0.04165059776320864
375 0.38771967888912995 0.30543771693019667 0.019960945975265786 0.040879290397223295
376 0.4503146018659145 0.5485923640570768 0.02017791277934476 0.041264944080215964
377 0.48893469299197223 0.6334361743154647 0.02017791277934476 0.041264944080215964
378 0.630071599045346 0.1704589278827613 0.030375352571056627 0.062475896644812956
379 0.6369060533738338 0.5287311993829541 0.030592319375135603 0.062475896644812956
381 0.5835322195704057 0.23351330505206325 0.03015838576697765 0.06209024296182029
382 0.6121718377088305 0.4685692248360972 0.030592319375135603 0.062475896644812956
383 0.6005641136906054 0.3305052063247204 0.030375352571056627 0.062475896644812956
384 0.580928617921458 0.17238719629772464 0.03015838576697765 0.062475896644812956
385 0.6073985680190931 0.4076359429232549 0.030592319375135603 0.062475896644812956
387 0.613148188327186 0.2321635171615889 0.030375352571056627 0.062475896644812956
388 0.6467780429594272 0.10451214809101426 0.030375352571056627 0.062475896644812956
390 0.617379041006726 0.10991129965291169 0.03015838576697765 0.062475896644812956
391 0.6426556736819267 0.23100655611261087 0.030375352571056627 0.062475896644812956
392 0.6420047732696897 0.46741226378711914 0.03080928617921458 0.062475896644812956
394 0.6535040138858754 0.5726957192441188 0.03080928617921458 0.062475896644812956
396 0.553807767411586 0.22232934824527575 0.03015838576697765 0.06209024296182029
397 0.6297461488392276 0.2927111453914385 0.030592319375135603 0.062475896644812956
398 0.4349099587763072 0.46143463170073273 0.03015838576697765 0.06131893559583494
401 0.6372315035799523 0.4064789818742769 0.03080928617921458 0.062475896644812956
402 0.658060316771534 0.9026224450443502 0.03124321978737253 0.06209024296182029
403 0.40464308960729006 0.3478596220593907 0.029941418962898675 0.06170458927882761
404 0.5743111303970493 0.2948322406478982 0.030375352571056627 0.06209024296182029
405 0.5487090475157301 0.6947551099112996 0.03080928617921458 0.06209024296182029
406 0.48340203948795835 0.5541843424604705 0.030375352571056627 0.06170458927882761
407 0.5793013668908656 0.7387196297724643 0.03080928617921458 0.06209024296182029
408 0.6005641136906054 0.1716158889317393 0.030375352571056627 0.062475896644812956
409 0.5878715556519852 0.1110682607018897 0.03015838576697765 0.062475896644812956
410 0.6588197005858104 0.9637485537986887 0.03146018659145151 0.062475896644812956
411 0.634953352137123 0.8424604704974933 0.031026252983293555 0.06209024296182029
412 0.6069646344109352 0.5298881604319321 0.030592319375135603 0.062475896644812956
414 0.6041440659579085 0.8029309679907443 0.031026252983293555 0.062475896644812956
415 0.518225211542634 0.6550327805630544 0.030592319375135603 0.06209024296182029
417 0.5084617053590801 0.21558040879290397 0.03015838576697765 0.06170458927882761
418 0.6047949663701454 0.04917084458156575 0.03015838576697765 0.06209024296182029
419 0.6310479496637015 0.17238719629772464 0.0405727923627685 0.08330119552641728
420 0.5884139726621826 0.22310065561126108 0.04035582555868952 0.0829155418434246
421 0.6418962898676502 0.522367913613575 0.04100672597092645 0.0829155418434246
422 0.612931221523107 0.4421519475510991 0.040789759166847475 0.0829155418434246
424 0.6032761987415926 0.3040879290397223 0.0405727923627685 0.0829155418434246
426 0.5913430245172488 0.1413420748168145 0.04013885875461055 0.0829155418434246
427 0.6415708396615318 0.09024296182028538 0.04035582555868952 0.08330119552641728
428 0.6420047732696897 0.2533744697261859 0.040789759166847475 0.08330119552641728
431 0.611846387502712 0.3607790204396452 0.040789759166847475 0.0829155418434246
432 0.6530700802777175 0.9170844581565754 0.04165762638316338 0.08330119552641728
433 0.5488175309177696 0.2040107983031238 0.04013885875461055 0.08252988816043193
434 0.43002820568453026 0.4633629001156961 0.04035582555868952 0.08214423447743927
435 0.553807767411586 0.7049749325106055 0.04100672597092645 0.08252988816043193
437 0.6297461488392276 0.8366756652526032 0.0414406595790844 0.0829155418434246
438 0.39965285311347365 0.3459313536444273 0.03992189195053157 0.08175858079444659
439 0.6018659145150792 0.5239105283455457 0.040789759166847475 0.0829155418434246
440 0.6019743979171187 0.059583494022367914 0.04013885875461055 0.0829155418434246
441 0.513126491646778 0.6531045121480911 0.040789759166847475 0.08214423447743927
442 0.47255369928400953 0.5725028924026224 0.04035582555868952 0.08214423447743927
443 0.6299631156433065 0.1704589278827613 0.05055326535040139 0.1041264944080216
444 0.630722499457583 0.5084843810258388 0.051204165762638316 0.10374084072502893
445 0.5854849208071166 0.22522175086772078 0.05055326535040139 0.10335518704203625
447 0.6154263397700152 0.4074431160817586 0.05098719895855934 0.10374084072502893
449 0.6101106530700803 0.305630543771693 0.050770232154480364 0.10374084072502893
451 0.6363636363636364 0.06826070188970304 0.05033629854632241 0.1041264944080216
453 0.6473204599696246 0.8623216351716159 0.051855066174875245 0.1041264944080216
454 0.5881970058581037 0.12321635171615888 0.05033629854632241 0.10374084072502893
455 0.5365589064873074 0.25530273814114923 0.05033629854632241 0.10335518704203625
456 0.5649815578216533 0.7188584650983417 0.051204165762638316 0.10335518704203625
457 0.4755912345411152 0.5827227150019283 0.050770232154480364 0.10258387967605091
458 0.5999132132783684 0.19803316621673736 0.060750705142113254 0.12456613960663325
459 0.6314818832718594 0.4984573852680293 0.06140160555435018 0.12456613960663325
461 0.6132566717292254 0.3198997300424219 0.06096767194619223 0.12456613960663325
462 0.6322412670861358 0.1153104512148091 0.060750705142113254 0.12495179328962591
466 0.5413321761770449 0.2491322792132665 0.0603167715339553 0.12418048592364057
467 0.5641136906053373 0.7248360971847281 0.06161857235842916 0.1237948322406479
468 0.4786287697982209 0.588893173929811 0.060750705142113254 0.12340917855765522
469 0.6296376654371881 0.8162360200539915 0.06205250596658711 0.12456613960663325
470 0.602950748535474 0.19996143463170074 0.07073117812974615 0.14539143848823757
471 0.6324582338902148 0.49228692634014654 0.07159904534606205 0.14539143848823757
473 0.6185723584291604 0.34188198997300423 0.0711651117379041 0.14539143848823757
475 0.6269255803862009 0.08889317392981103 0.07051421132566717 0.14539143848823757
476 0.5343892384465176 0.23505591978403395 0.0702972445215882 0.14462013112225222
477 0.6370145367758733 0.8382182799845739 0.07246691256237796 0.14539143848823757
478 0.4857886743328271 0.5987273428461242 0.0711651117379041 0.14384882375626687
479 0.607832501627251 0.19764751253374468 0.08092861792145802 0.16621673736984188
480 0.6273595139943589 0.48225993058233707 0.08179648513777392 0.16621673736984188
483 0.5960078108049468 0.36116467412263786 0.081145584725537 0.16621673736984188
484 0.5292905185506618 0.216737369841882 0.08049468431330006 0.16505977632086385
485 0.6111954870904751 0.7925183185499421 0.08244738555001085 0.1658310836868492
486 0.612931221523107 0.20362514462013112 0.09112605771316988 0.18665638256845352
487 0.6222607940985029 0.47223293482452755 0.09199392492948578 0.1870420362514462
490 0.5245172488609243 0.23119938295410722 0.09047515730093296 0.18549942151947552
491 0.6140160555435018 0.20960277670651756 0.10110653070080278 0.20786733513305053
493 0.6172705576046865 0.4622059390667181 0.10197439791711868 0.20786733513305053
