94 0.121609893686266 0.9282684149633629 0.009329572575395965 0.02082529888160432
144 0.6004556302885659 0.6209024296182029 0.009329572575395965 0.02082529888160432
145 0.2568886960295075 0.8553798688777478 0.009112605771316989 0.02082529888160432
147 0.1306140160555435 0.9367527959892017 0.00954653937947494 0.02082529888160432
151 0.12193534389238446 0.9078287697647512 0.00954653937947494 0.02082529888160432
152 0.24788457366022998 0.8511376783648283 0.009329572575395965 0.02082529888160432
154 0.61228032111087 0.5713459313536444 0.009112605771316989 0.020439645198611647
157 0.5610761553482317 0.43868106440416504 0.009112605771316989 0.020439645198611647
175 0.166522022130614 0.8403393752410335 0.009329572575395965 0.02082529888160432
176 0.2660013018008245 0.8555726957192441 0.009112605771316989 0.020439645198611647
180 0.5915599913213279 0.6293868106440417 0.009329572575395965 0.02082529888160432
190 0.1261661965719245 0.8711916698804474 0.009329572575395965 0.02082529888160432
215 0.6147754393577782 0.6243733127651369 0.009329572575395965 0.02082529888160432
218 0.13093946626166197 0.9163131507905901 0.009329572575395965 0.02082529888160432
220 0.5699717943154697 0.4506363285769379 0.009112605771316989 0.020439645198611647
229 0.2227164243870688 0.8260701889703047 0.009329572575395965 0.02082529888160432
231 0.23898893469299198 0.8386039336675665 0.009329572575395965 0.020439645198611647
236 0.13766543718811022 0.9573852680293097 0.009329572575395965 0.020439645198611647
237 0.30950314601865914 0.8524874662553027 0.009329572575395965 0.020439645198611647
238 0.5643306574094163 0.41804859236405706 0.009112605771316989 0.02082529888160432
245 0.31850726838793664 0.8524874662553027 0.009112605771316989 0.020439645198611647
247 0.3909741809503146 0.9303895102198226 0.009112605771316989 0.020439645198611647
251 0.17563462790193102 0.8326263015811801 0.009329572575395965 0.02082529888160432
255 0.6145584725536993 0.6039336675665252 0.009329572575395965 0.02082529888160432
256 0.29507485354740726 0.8521018125723101 0.009112605771316989 0.020439645198611647
263 0.4184204816663051 0.9710759737755496 0.009329572575395965 0.020053991515618975
264 0.27511390757214144 0.8476667952178943 0.009112605771316989 0.02082529888160432
269 0.1397266218268605 0.9371384496721944 0.00954653937947494 0.02082529888160432
308 0.1261661965719245 0.9263401465483996 0.018876111954870906 0.04165059776320864
320 0.5655239748318507 0.4406093328191284 0.018008244738555 0.041264944080215964
327 0.6084834020394879 0.6143463170073274 0.018442178346712954 0.04165059776320864
331 0.2541766109785203 0.849209409949865 0.018442178346712954 0.040879290397223295
335 0.12866131481883272 0.8816043193212495 0.01865914515079193 0.04165059776320864
336 0.16749837274896942 0.8301195526417278 0.01865914515079193 0.041264944080215964
347 0.14406595790844 0.9475510991129965 0.01865914515079193 0.04165059776320864
350 0.6096767194619224 0.5734670266101042 0.018225211542633978 0.04165059776320864
372 0.13083098285962247 0.9163131507905901 0.02820568453026687 0.062475896644812956
375 0.5698633109134302 0.43424604704974934 0.02712085050987199 0.06170458927882761
376 0.6056628335864612 0.6041264944080216 0.027554784118029942 0.06209024296182029
391 0.25341722716424386 0.8389895873505592 0.02777175092210892 0.06209024296182029
410 0.13549576914732045 0.9062861550327805 0.037535257105662835 0.08330119552641728
414 0.6028422651334345 0.5983416891631315 0.03666738988934693 0.0829155418434246
417 0.5742026469950098 0.42383339760894717 0.03623345628118898 0.08252988816043193
435 0.13994358863093947 0.9126494408021597 0.046864829681058796 0.10374084072502893
444 0.6090258190496854 0.5879290397223293 0.04599696246474289 0.10374084072502893
452 0.14460837491863746 0.9026224450443502 0.056194402256454765 0.12456613960663325
459 0.6102191364721198 0.610104126494408 0.05532653504013886 0.12418048592364057
466 0.14742894337166412 0.8964519861164674 0.06574094163592971 0.14539143848823757
478 0.15198524625732263 0.886424990358658 0.07485354740724669 0.16621673736984188
481 0.6030592319375135 0.6104897801774007 0.07355174658277283 0.1658310836868492
