0 0.6094597526578434 0.15483995372155804 0.009112605771316989 0.020439645198611647
1 0.6095682360598829 0.13459313536444273 0.009329572575395965 0.02082529888160432
2 0.6090258190496854 0.19571924411878133 0.009112605771316989 0.020439645198611647
3 0.6092427858537643 0.1752795989201697 0.009112605771316989 0.020439645198611647
4 0.6096767194619224 0.11415349016583108 0.009112605771316989 0.02082529888160432
5 0.620958993274029 0.06556112610875434 0.009112605771316989 0.02082529888160432
6 0.629854632241267 0.306209024296182 0.009112605771316989 0.02082529888160432
7 0.6246474289433717 0.2736212880833012 0.009112605771316989 0.020439645198611647
8 0.6259492297678455 0.11453914384882376 0.009112605771316989 0.02082529888160432
9 0.6124972879149491 0.216158889317393 0.009112605771316989 0.020439645198611647
10 0.6193317422434368 0.25298881604319323 0.009329572575395965 0.02082529888160432
11 0.6314818832718594 0.32664866949479365 0.009329572575395965 0.02082529888160432
12 0.6335430679106097 0.28596220593906674 0.009112605771316989 0.020439645198611647
13 0.6181384248210023 0.17547242576166602 0.009112605771316989 0.02082529888160432
14 0.6223692775005424 0.32645584265329736 0.009329572575395965 0.020439645198611647
15 0.7388804512909525 0.054955649826455844 0.008895638967238013 0.020439645198611647
17 0.6062052505966588 0.31372927111453913 0.009112605771316989 0.020439645198611647
18 0.6405944890431764 0.32279213266486695 0.009329572575395965 0.02082529888160432
19 0.6116294206986331 0.09371384496721943 0.009112605771316989 0.02082529888160432
20 0.6367975699717943 0.34728114153490164 0.009112605771316989 0.020439645198611647
21 0.7406161857235843 0.07539529502506749 0.008895638967238013 0.020439645198611647
24 0.6557821653287047 0.5146548399537215 0.009329572575395965 0.020439645198611647
25 0.6327836840963332 0.39201696876205167 0.009329572575395965 0.020439645198611647
26 0.6308309828596225 0.412263787119167 0.009329572575395965 0.02082529888160432
27 0.6379908873942287 0.4367527959892017 0.009329572575395965 0.020439645198611647
28 0.6384248210023866 0.367527959892017 0.009329572575395965 0.02082529888160432
29 0.6177044912128444 0.23254917084458157 0.009112605771316989 0.02082529888160432
30 0.7477760902581905 0.054955649826455844 0.008895638967238013 0.020439645198611647
31 0.6185723584291604 0.12668723486309294 0.009112605771316989 0.020439645198611647
32 0.7441961379908874 0.09583494022367914 0.009112605771316989 0.020439645198611647
33 0.6472119765675851 0.4247975318164288 0.009112605771316989 0.020439645198611647
34 0.6388587546105445 0.3023524874662553 0.009329572575395965 0.02082529888160432
35 0.6377739205901497 0.4571924411878133 0.009329572575395965 0.020439645198611647
36 0.6244304621392927 0.2938681064404165 0.009112605771316989 0.02082529888160432
37 0.6288782816229117 0.4325106054762823 0.009329572575395965 0.020439645198611647
38 0.6873508353221957 0.40512919398380254 0.009112605771316989 0.020439645198611647
39 0.581145584725537 0.280370227535673 0.009329572575395965 0.02082529888160432
40 0.6595790844000868 0.4861164674122638 0.009112605771316989 0.020439645198611647
41 0.6460186591451508 0.6203239490937138 0.009329572575395965 0.020439645198611647
43 0.6133651551312649 0.326263015811801 0.009112605771316989 0.02082529888160432
44 0.6219353438923845 0.6158889317392982 0.009329572575395965 0.02082529888160432
45 0.6727055760468649 0.43328191284226764 0.009329572575395965 0.020439645198611647
46 0.6119548709047515 0.065368299267258 0.009329572575395965 0.020439645198611647
47 0.6004556302885659 0.14654839953721557 0.009329572575395965 0.02082529888160432
48 0.6947277066608809 0.3846895487851909 0.009112605771316989 0.020439645198611647
49 0.6471034931655457 0.4452371770150405 0.009329572575395965 0.020439645198611647
50 0.649164677804296 0.4043578866178172 0.009112605771316989 0.020439645198611647
51 0.7354089824256889 0.034516004627844196 0.008895638967238013 0.020439645198611647
53 0.6395096550227816 0.477632086386425 0.009329572575395965 0.020439645198611647
54 0.6670644391408115 0.45372155804087927 0.009329572575395965 0.020439645198611647
55 0.7495118246908223 0.07539529502506749 0.008895638967238013 0.020439645198611647
56 0.6272510305923193 0.16351716158889318 0.009112605771316989 0.02082529888160432
57 0.590041223692775 0.28885460856151174 0.009329572575395965 0.02082529888160432
58 0.744087654588848 0.20998843038951023 0.008895638967238013 0.020439645198611647
59 0.618029941418963 0.19591207096027768 0.009329572575395965 0.02082529888160432
60 0.629854632241267 0.0738526802930968 0.009112605771316989 0.020439645198611647
61 0.6103276198741593 0.04068646355572696 0.009112605771316989 0.020439645198611647
62 0.6375569537860707 0.49807173158503665 0.009329572575395965 0.020439645198611647
63 0.6366890865697549 0.6160817585807944 0.009329572575395965 0.020439645198611647
64 0.6418962898676502 0.38816043193212496 0.009329572575395965 0.020439645198611647
65 0.6399435886309395 0.4124566139606633 0.009329572575395965 0.020439645198611647
67 0.744087654588848 0.14866949479367528 0.008895638967238013 0.020439645198611647
68 0.6155348231720547 0.2732356344003085 0.009112605771316989 0.020439645198611647
70 0.7495118246908223 0.11627458542229079 0.008895638967238013 0.020439645198611647
71 0.6334345845085702 0.5713459313536444 0.009329572575395965 0.020439645198611647
72 0.6336515513126492 0.5428075588121867 0.009329572575395965 0.020439645198611647
73 0.7038403124321979 0.3646355572695719 0.009112605771316989 0.020439645198611647
75 0.6228032111087004 0.5221750867720787 0.009329572575395965 0.02082529888160432
76 0.6373399869819918 0.518318549942152 0.009329572575395965 0.02082529888160432
77 0.5986114124538946 0.9820671037408407 0.00954653937947494 0.020439645198611647
78 0.5875461054458668 0.9695333590435788 0.00954653937947494 0.02082529888160432
80 0.666738988934693 0.1764365599691477 0.009112605771316989 0.020439645198611647
83 0.7299848123237145 0.05919784033937524 0.008895638967238013 0.020439645198611647
84 0.6301800824473855 0.7668723486309295 0.009329572575395965 0.020439645198611647
85 0.7532002603601649 0.09583494022367914 0.008895638967238013 0.020439645198611647
86 0.6177044912128444 0.016583108368684922 0.009112605771316989 0.02082529888160432
87 0.5972011282273813 0.30543771693019667 0.009329572575395965 0.02082529888160432
88 0.563137339986982 0.2716930196683378 0.009329572575395965 0.020439645198611647
89 0.6293122152310696 0.3713844967219437 0.009329572575395965 0.02082529888160432
90 0.765675851594706 0.18954878519089857 0.009112605771316989 0.020439645198611647
91 0.5795183336949447 0.8183571153104512 0.00954653937947494 0.02082529888160432
92 0.7385550010848341 0.2423833397608947 0.009112605771316989 0.020439645198611647
94 0.6003471468865264 0.16679521789433088 0.009112605771316989 0.020439645198611647
95 0.6427641570839662 0.5551484766679522 0.009329572575395965 0.020439645198611647
96 0.6276849642004774 0.346895487851909 0.009112605771316989 0.020439645198611647
97 0.6192232588413973 0.04512148091014269 0.009112605771316989 0.02082529888160432
98 0.6286613148188327 0.452950250674894 0.009329572575395965 0.020439645198611647
99 0.6582772835756129 0.4005013497878905 0.009112605771316989 0.020439645198611647
100 0.7261878932523324 0.12437331276513691 0.009112605771316989 0.020439645198611647
101 0.7566717292254285 0.05919784033937524 0.008895638967238013 0.020439645198611647
104 0.7119765675851595 0.0956421133821828 0.008895638967238013 0.02082529888160432
105 0.6468865263614667 0.46567682221365214 0.009329572575395965 0.020439645198611647
108 0.6378824039921892 0.7221365214037794 0.00954653937947494 0.020439645198611647
109 0.5732262963766543 0.8997300424219051 0.00954653937947494 0.02082529888160432
110 0.5945975265784335 0.011762437331276514 0.008895638967238013 0.020439645198611647
111 0.6805163809937079 0.7148091014269187 0.009329572575395965 0.020439645198611647
112 0.7131698850075938 0.3198997300424219 0.009112605771316989 0.020439645198611647
113 0.6992840095465394 0.152526031623602 0.009112605771316989 0.020439645198611647
114 0.6477543935777826 0.9382954107211724 0.009329572575395965 0.02082529888160432
115 0.6076155348231721 0.5665252603162361 0.009329572575395965 0.02082529888160432
116 0.6770449121284443 0.6820285383725414 0.009329572575395965 0.020439645198611647
118 0.7351920156216099 0.14481295796374855 0.008895638967238013 0.020439645198611647
119 0.6284443480147538 0.5019282684149634 0.009329572575395965 0.020439645198611647
120 0.6494901280104144 0.6407635942923255 0.009329572575395965 0.020439645198611647
121 0.57626383163376 0.9691477053605861 0.00954653937947494 0.02082529888160432
123 0.7008027771750922 0.19726185885075204 0.009112605771316989 0.020439645198611647
124 0.762095899327403 0.14057076745082916 0.008895638967238013 0.020439645198611647
126 0.8085267954003037 0.04685692248360972 0.008895638967238013 0.020439645198611647
127 0.6511173790410067 0.3841110682607019 0.009112605771316989 0.02082529888160432
128 0.6716207420264699 0.6492479753181642 0.009329572575395965 0.020439645198611647
130 0.6782382295508788 0.41322792132664865 0.009112605771316989 0.020439645198611647
131 0.6136906053373834 0.5177400694176629 0.009329572575395965 0.020439645198611647
132 0.6221523106964635 0.5954492865406865 0.009329572575395965 0.02082529888160432
133 0.57203297895422 0.2801774006941766 0.009329572575395965 0.020439645198611647
134 0.765675851594706 0.20998843038951023 0.009112605771316989 0.020439645198611647
135 0.6425471902798872 0.5755881218665638 0.009329572575395965 0.020439645198611647
136 0.8032111087003688 0.06729656768222136 0.009112605771316989 0.020439645198611647
142 0.6953786070731178 0.23389895873505592 0.009112605771316989 0.020439645198611647
143 0.6346279019310046 0.6608175858079445 0.00954653937947494 0.020439645198611647
144 0.6427641570839662 0.5347088314693406 0.009329572575395965 0.020439645198611647
146 0.7675200694293773 0.16910913999228694 0.008895638967238013 0.020439645198611647
147 0.5470817964851378 0.10798303123794832 0.009329572575395965 0.02082529888160432
148 0.6615317856367976 0.4658696490551485 0.009112605771316989 0.02082529888160432
150 0.6563245823389021 0.4209409949865021 0.009112605771316989 0.020439645198611647
153 0.6807333477977869 0.6615888931739298 0.009329572575395965 0.020439645198611647
154 0.7602516814927316 0.2794060933281913 0.009112605771316989 0.020439645198611647
157 0.6859405510956824 0.7473968376397995 0.009329572575395965 0.02082529888160432
159 0.6183553916250814 0.15522560740455071 0.009112605771316989 0.020439645198611647
160 0.600021696680408 0.1912842267643656 0.009329572575395965 0.02082529888160432
161 0.6686916901714037 0.1561897416120324 0.009112605771316989 0.02082529888160432
162 0.7317205467563462 0.07963748553798689 0.008895638967238013 0.020439645198611647
165 0.7205467563462791 0.28326263015811803 0.009112605771316989 0.020439645198611647
168 0.6312649164677804 0.6037408407250289 0.009329572575395965 0.020439645198611647
169 0.6861575178997613 0.6943694562283069 0.009329572575395965 0.020439645198611647
170 0.8174224343675418 0.0302738141149248 0.008895638967238013 0.020439645198611647
171 0.6896289867650249 0.7718858465098342 0.009329572575395965 0.020439645198611647
172 0.7119765675851595 0.07539529502506749 0.008895638967238013 0.020439645198611647
173 0.7172922542850944 0.11588893173929811 0.009112605771316989 0.020439645198611647
174 0.6459101757431113 0.34728114153490164 0.009112605771316989 0.020439645198611647
175 0.7075287481015404 0.3441959120709603 0.009112605771316989 0.020439645198611647
176 0.738771967888913 0.17335133050520632 0.009112605771316989 0.020439645198611647
178 0.6116294206986331 0.7622445044350173 0.00954653937947494 0.020439645198611647
179 0.6517682794532437 0.5717315850366371 0.009112605771316989 0.020439645198611647
180 0.5592319375135604 0.9807173158503664 0.009763506183553917 0.02082529888160432
182 0.7746799739639835 0.18954878519089857 0.008895638967238013 0.020439645198611647
183 0.7223909741809503 0.22618588507520246 0.008895638967238013 0.020439645198611647
184 0.7728357561293122 0.08773621288083301 0.009112605771316989 0.020439645198611647
185 0.5751789976133651 0.8794832240647898 0.00954653937947494 0.020439645198611647
186 0.680950314601866 0.6415349016583108 0.009329572575395965 0.020439645198611647
187 0.6901714037752223 0.16467412263787118 0.009112605771316989 0.02082529888160432
188 0.7368192666522022 0.22232934824527575 0.009112605771316989 0.020439645198611647
189 0.620958993274029 0.7543386039336676 0.00954653937947494 0.02082529888160432
190 0.6236710783250162 0.3999228692634015 0.009329572575395965 0.02082529888160432
191 0.7585159470600998 0.12032394909371384 0.009112605771316989 0.020053991515618975
192 0.7907355174658277 0.10393366756652526 0.008895638967238013 0.020439645198611647
194 0.7350835322195705 0.19379097570381798 0.009112605771316989 0.020439645198611647
195 0.6898459535691039 0.7148091014269187 0.009329572575395965 0.020439645198611647
198 0.6716207420264699 0.629001156961049 0.009329572575395965 0.02082529888160432
200 0.6295291820351486 0.8605861935981488 0.009329572575395965 0.020439645198611647
201 0.7129529182035148 0.3974161203239491 0.009112605771316989 0.020439645198611647
203 0.8263180733347798 0.022175086772078672 0.008895638967238013 0.020439645198611647
205 0.7103493165545671 0.05071345931353644 0.009112605771316989 0.020439645198611647
206 0.7530917769581255 0.2996529116853066 0.009112605771316989 0.020053991515618975
209 0.6605554350184422 0.3150790590050135 0.009329572575395965 0.02082529888160432
211 0.6979822087220655 0.5030852294639414 0.009112605771316989 0.020439645198611647
212 0.6719461922325884 0.5802159660624759 0.009112605771316989 0.020439645198611647
213 0.6592536341939683 0.5350944851523332 0.009329572575395965 0.020439645198611647
214 0.6475374267737036 0.3677207867335133 0.009329572575395965 0.020439645198611647
215 0.7765241917986548 0.16910913999228694 0.009112605771316989 0.020439645198611647
216 0.7243436754176611 0.17720786733513305 0.008895638967238013 0.020439645198611647
218 0.7585159470600998 0.07963748553798689 0.009112605771316989 0.020439645198611647
219 0.6736819266652202 0.6006556112610876 0.009112605771316989 0.020439645198611647
220 0.747667606856151 0.25472425761666023 0.009112605771316989 0.020439645198611647
221 0.6886526361466696 0.5354801388353259 0.009112605771316989 0.020439645198611647
222 0.662291169451074 0.013305052063247204 0.008895638967238013 0.020439645198611647
224 0.8121067476676068 0.06729656768222136 0.009112605771316989 0.020439645198611647
225 0.6964634410935127 0.40512919398380254 0.009112605771316989 0.020439645198611647
226 0.7996311564330657 0.08773621288083301 0.008895638967238013 0.020439645198611647
227 0.6128227381210675 0.6197454685692249 0.009329572575395965 0.02082529888160432
228 0.6481883271859405 0.8567296567682221 0.009329572575395965 0.020439645198611647
230 0.585593404209156 0.015618974161203239 0.009112605771316989 0.020439645198611647
231 0.7711000216966805 0.14481295796374855 0.009112605771316989 0.020439645198611647
232 0.6414623562594923 0.742576166602391 0.009329572575395965 0.020439645198611647
233 0.5779995660663918 0.7776706517547243 0.00954653937947494 0.020439645198611647
234 0.6650032545020612 0.5065561126108754 0.009112605771316989 0.020439645198611647
235 0.6084834020394879 0.15291168530659469 0.018442178346712954 0.041264944080215964
236 0.630722499457583 0.3040879290397223 0.018225211542633978 0.041264944080215964
237 0.6098936862660013 0.19379097570381798 0.018225211542633978 0.041264944080215964
238 0.6142330223475808 0.11203239490937139 0.018225211542633978 0.041264944080215964
239 0.7414840529399002 0.06517547242576166 0.018008244738555 0.040879290397223295
240 0.6200911260577132 0.06344003085229465 0.018225211542633978 0.041264944080215964
241 0.6358212193534389 0.34496721943694564 0.018442178346712954 0.041264944080215964
242 0.6219353438923845 0.26320863864249905 0.018442178346712954 0.041264944080215964
243 0.6352788023432415 0.4267258002313922 0.01865914515079193 0.041264944080215964
244 0.6356042525493599 0.3858465098341689 0.018442178346712954 0.041264944080215964
246 0.6404860056411369 0.46741226378711914 0.01865914515079193 0.040879290397223295
248 0.6365806031677154 0.5080987273428461 0.01865914515079193 0.041264944080215964
249 0.7486439574745064 0.10605476282298495 0.018008244738555 0.040879290397223295
250 0.6536124972879149 0.40667180871577324 0.018442178346712954 0.041264944080215964
251 0.6344109351269256 0.5489780177400694 0.01865914515079193 0.041264944080215964
252 0.6123888045129096 0.3198997300424219 0.018442178346712954 0.041264944080215964
253 0.6604469516164027 0.5046278441959121 0.01865914515079193 0.041264944080215964
254 0.6266001301800824 0.6099112996529117 0.01865914515079193 0.041264944080215964
255 0.6901714037752223 0.39915156189741613 0.018225211542633978 0.040879290397223295
256 0.6698850075938382 0.44774392595449286 0.018442178346712954 0.040879290397223295
257 0.6450423085267954 0.6264944080215966 0.01865914515079193 0.041264944080215964
258 0.743219787372532 0.2121095256459699 0.018008244738555 0.040879290397223295
260 0.7683879366456932 0.18762051677593522 0.018008244738555 0.04049363671423062
263 0.6814927316120634 0.6922483609718473 0.01865914515079193 0.040879290397223295
264 0.7395313517031894 0.1588893173929811 0.018008244738555 0.040879290397223295
265 0.6762855283141679 0.651369070574624 0.01865914515079193 0.040879290397223295
268 0.8093946626166196 0.05707674508291554 0.018008244738555 0.040879290397223295
269 0.6869169017140377 0.7331276513690705 0.01865914515079193 0.040879290397223295
270 0.702972445215882 0.3582722715001928 0.018225211542633978 0.040879290397223295
272 0.7666522022130614 0.14693405322020825 0.018008244738555 0.040879290397223295
273 0.6181384248210023 0.5119552641727728 0.01865914515079193 0.041264944080215964
276 0.7111087003688435 0.08947165445430004 0.018008244738555 0.040879290397223295
277 0.761228032111087 0.2853837254145777 0.018008244738555 0.040879290397223295
278 0.7593838142764157 0.06517547242576166 0.017791277934476026 0.040879290397223295
279 0.6962464742894338 0.21982259930582337 0.018225211542633978 0.040879290397223295
280 0.6168366239965285 0.022560740455071344 0.018225211542633978 0.041264944080215964
281 0.7395313517031894 0.25260316236020053 0.018008244738555 0.040879290397223295
283 0.5923193751356043 0.9635557269571925 0.01909307875894988 0.041264944080215964
285 0.5740941635929703 0.8937524103355187 0.01909307875894988 0.041264944080215964
286 0.6942937730527229 0.7740069417662939 0.01865914515079193 0.040879290397223295
287 0.5945975265784335 0.2990744311608176 0.018442178346712954 0.041264944080215964
288 0.6149924061618572 0.23467026610104127 0.018442178346712954 0.041264944080215964
289 0.6746582772835756 0.5861935981488623 0.018442178346712954 0.040879290397223295
291 0.8271859405510957 0.028152718858465098 0.018008244738555 0.040879290397223295
292 0.7138207854198307 0.41149247975318165 0.018225211542633978 0.040879290397223295
293 0.6219353438923845 0.7605090628615503 0.018876111954870906 0.040879290397223295
294 0.6947277066608809 0.15850366370998842 0.018225211542633978 0.040879290397223295
295 0.7898676502495118 0.10605476282298495 0.018008244738555 0.040879290397223295
296 0.6677153395530484 0.1664095642113382 0.018008244738555 0.041264944080215964
297 0.6970058581037102 0.517161588893174 0.018442178346712954 0.040879290397223295
298 0.7344326318073334 0.024296182028538373 0.017791277934476026 0.040879290397223295
299 0.6322412670861358 0.10451214809101426 0.018225211542633978 0.040879290397223295
302 0.7234758082013452 0.12630158118010026 0.018008244738555 0.041264944080215964
303 0.6369060533738338 0.7240647898187428 0.018876111954870906 0.041264944080215964
305 0.7683879366456932 0.22830698033166216 0.018008244738555 0.040879290397223295
306 0.7086135821219354 0.3177786347859622 0.018225211542633978 0.040879290397223295
307 0.7063354306791061 0.4766679521789433 0.018442178346712954 0.040879290397223295
308 0.626274679973964 0.173736984188199 0.018442178346712954 0.041264944080215964
309 0.693208939032328 0.5580408792903973 0.01865914515079193 0.040879290397223295
310 0.7076372315035799 0.048592364057076745 0.018008244738555 0.040879290397223295
311 0.7845519635495769 0.14693405322020825 0.017791277934476026 0.040879290397223295
312 0.7320459969624648 0.41149247975318165 0.018225211542633978 0.040879290397223295
313 0.6526361466695596 0.5655611261087543 0.01865914515079193 0.041264944080215964
314 0.6315903666738989 0.31045121480910143 0.02777175092210892 0.06170458927882761
315 0.6130397049251465 0.14693405322020825 0.027554784118029942 0.06170458927882761
316 0.6380993707962682 0.4165059776320864 0.02777175092210892 0.06170458927882761
317 0.7441961379908874 0.07134593135364442 0.026903883705793014 0.060933281912842266
318 0.6190062920373183 0.08580794446586965 0.027337817313950966 0.06209024296182029
319 0.6106530700802777 0.20786733513305053 0.027554784118029942 0.06170458927882761
320 0.6485137773920591 0.4940223679136136 0.02777175092210892 0.06170458927882761
321 0.6371230201779128 0.5549556498264558 0.027988717726187894 0.06170458927882761
323 0.6402690388370579 0.6367142306209024 0.02820568453026687 0.06170458927882761
325 0.6818181818181818 0.4172772849980717 0.027554784118029942 0.06170458927882761
327 0.7729442395313517 0.17335133050520632 0.02712085050987199 0.06131893559583494
328 0.734975048817531 0.2221365214037794 0.02712085050987199 0.060933281912842266
329 0.6826860490344977 0.6658310836868492 0.027988717726187894 0.06131893559583494
330 0.6385333044044261 0.35518704203625145 0.02777175092210892 0.06170458927882761
331 0.738771967888913 0.13247204010798302 0.026903883705793014 0.06131893559583494
332 0.6897374701670644 0.7271500192826842 0.02820568453026687 0.06131893559583494
334 0.8121067476676068 0.054955649826455844 0.026903883705793014 0.06131893559583494
336 0.6773703623345628 0.6047049749325106 0.02777175092210892 0.06170458927882761
338 0.762095899327403 0.2875048206710374 0.02712085050987199 0.06131893559583494
339 0.7076372315035799 0.34014654839953723 0.027554784118029942 0.06170458927882761
340 0.6042525493599479 0.32182799845738524 0.02777175092210892 0.06209024296182029
341 0.6954870904751573 0.17701504049363673 0.02712085050987199 0.06170458927882761
342 0.720112822738121 0.4176629386810644 0.027337817313950966 0.06170458927882761
343 0.6247559123454112 0.25298881604319323 0.027554784118029942 0.06170458927882761
345 0.783684096333261 0.11203239490937139 0.026903883705793014 0.06131893559583494
347 0.6229116945107399 0.7502892402622445 0.02820568453026687 0.06209024296182029
349 0.694076806248644 0.5437716930196683 0.02777175092210892 0.06170458927882761
351 0.7119765675851595 0.08735055919784034 0.02712085050987199 0.06131893559583494
352 0.6970058581037102 0.7882761280370227 0.027988717726187894 0.06170458927882761
353 0.6210674766760685 0.5017354415734671 0.027988717726187894 0.06170458927882761
354 0.7089390323280538 0.4826455842653297 0.027554784118029942 0.06131893559583494
355 0.752983293556086 0.3484381025838797 0.02712085050987199 0.06131893559583494
356 0.676068561510089 0.478210566910914 0.02777175092210892 0.06170458927882761
358 0.7746799739639835 0.23447743925954492 0.02712085050987199 0.060933281912842266
359 0.612714254719028 0.6155032780563054 0.02820568453026687 0.06170458927882761
360 0.6595790844000868 0.1561897416120324 0.027337817313950966 0.06170458927882761
361 0.585810371013235 0.9531430775163903 0.028639618138424822 0.06209024296182029
363 0.6156433065740942 0.1450057848052449 0.03666738988934693 0.08252988816043193
364 0.6270340637882404 0.3040879290397223 0.03688435669342591 0.08214423447743927
365 0.6408114558472554 0.4143848823756267 0.03710132349750488 0.08214423447743927
366 0.7450640052072033 0.08156575395295025 0.03601648947711 0.08137292711145391
367 0.6475374267737036 0.4961434631700733 0.03710132349750488 0.08214423447743927
368 0.6359297027554784 0.5937138449672195 0.03731829030158386 0.08214423447743927
369 0.6181384248210023 0.06324720401079831 0.036450423085267955 0.08252988816043193
371 0.7539596441744413 0.17932896259159276 0.03601648947711 0.08175858079444659
373 0.6853981340854849 0.676050906286155 0.03731829030158386 0.08175858079444659
374 0.6791060967671946 0.4192055534130351 0.03688435669342591 0.08175858079444659
375 0.6149924061618572 0.2263787119166988 0.03666738988934693 0.08252988816043193
376 0.68008244738555 0.5944851523332048 0.03710132349750488 0.08214423447743927
378 0.814818832718594 0.052834554569996146 0.03579952267303103 0.08175858079444659
380 0.7648079843783901 0.2853837254145777 0.036450423085267955 0.08175858079444659
381 0.7228249077891082 0.42383339760894717 0.03666738988934693 0.08175858079444659
382 0.7070948144933825 0.20362514462013112 0.036450423085267955 0.08175858079444659
383 0.6961379908873943 0.7576166602391052 0.037535257105662835 0.08214423447743927
385 0.6237795617270557 0.7400694176629387 0.03775222390974181 0.08252988816043193
386 0.7899761336515513 0.13459313536444273 0.03601648947711 0.08175858079444659
387 0.7005858103710132 0.5133050520632472 0.03688435669342591 0.08175858079444659
389 0.7048166630505532 0.3420748168145006 0.03666738988934693 0.08175858079444659
390 0.7091559991321328 0.12205939066718087 0.03623345628118898 0.08214423447743927
392 0.5906921241050119 0.3112225221750868 0.03710132349750488 0.08252988816043193
393 0.5932957257539596 0.8453528731199383 0.03796919071382079 0.08252988816043193
394 0.7574311130397049 0.366949479367528 0.036450423085267955 0.08137292711145391
395 0.6642438706877848 0.14172772849980717 0.03623345628118898 0.08214423447743927
396 0.6471034931655457 0.4247975318164288 0.04621392926882187 0.10296953335904357
397 0.6243219787372531 0.3102583879676051 0.04621392926882187 0.10296953335904357
398 0.6200911260577132 0.15522560740455071 0.04556302885658494 0.10296953335904357
399 0.6446083749186374 0.5266101041264944 0.046430896072900844 0.10296953335904357
400 0.7423519201562161 0.09583494022367914 0.04491212844434801 0.10219822599305824
401 0.7548275113907572 0.19784033937524104 0.04512909524842699 0.10181257231006556
404 0.6698850075938382 0.629001156961049 0.04664786287697982 0.10258387967605091
405 0.6101106530700803 0.05302738141149248 0.04556302885658494 0.10296953335904357
406 0.6927750054241701 0.4296182028538372 0.04599696246474289 0.10258387967605091
408 0.7098068995443697 0.19745468569224836 0.045346062052505964 0.10258387967605091
410 0.6952701236710783 0.7311993829541072 0.04664786287697982 0.10258387967605091
411 0.762095899327403 0.2996529116853066 0.045346062052505964 0.10181257231006556
413 0.6237795617270557 0.6280370227535673 0.046864829681058796 0.10296953335904357
414 0.6904968539813409 0.5314307751639028 0.04621392926882187 0.10258387967605091
415 0.6210674766760685 0.7298495950636329 0.04708179648513777 0.10296953335904357
416 0.7383380342807551 0.40146548399537213 0.04556302885658494 0.10181257231006556
417 0.7998481232371447 0.13632857693790976 0.04491212844434801 0.10219822599305824
419 0.5922108917335648 0.8553798688777478 0.047515730093295724 0.10335518704203625
420 0.6651117379041007 0.13575009641342076 0.045346062052505964 0.10258387967605091
421 0.7167498372748969 0.29946008484381026 0.045346062052505964 0.10219822599305824
424 0.6515513126491647 0.4512148091014269 0.05554350184421784 0.12340917855765522
425 0.6213929268821871 0.3283841110682607 0.05554350184421784 0.1237948322406479
426 0.6266001301800824 0.12070960277670652 0.05467563462790193 0.12340917855765522
427 0.7360598828379258 0.0977632086386425 0.054024734215665005 0.12225221750867721
428 0.6452592753308743 0.5734670266101042 0.05597743545237579 0.12340917855765522
429 0.7485354740724669 0.2200154261473197 0.05424170101974398 0.12225221750867721
432 0.7062269472770666 0.4398380254531431 0.055109568236059885 0.12302352487466256
434 0.6925580386200911 0.6964905514847667 0.05597743545237579 0.12263787119166988
436 0.7003688435669343 0.5742383339760895 0.05554350184421784 0.12263787119166988
438 0.6820351486222608 0.15021210952564598 0.05445866782382296 0.12302352487466256
439 0.7611195487090475 0.34226764365599693 0.05467563462790193 0.12225221750867721
440 0.6201996094597526 0.719629772464327 0.05662833586461272 0.12340917855765522
441 0.8025602082881319 0.1546471268800617 0.05424170101974398 0.12263787119166988
442 0.5812540681275765 0.9303895102198226 0.057279236276849645 0.1237948322406479
443 0.5967671946192232 0.24199768607790204 0.05532653504013886 0.1237948322406479
444 0.6541549142981123 0.4533359043578866 0.06465610761553482 0.14384882375626687
445 0.630939466261662 0.13092942537601235 0.06378824039921892 0.14384882375626687
446 0.616945107398568 0.3100655611261088 0.06443914081145585 0.14423447743925955
447 0.7549359947927967 0.12032394909371384 0.063137339986982 0.14269186270728884
448 0.6551312649164678 0.5960277670651755 0.06530700802777176 0.14384882375626687
449 0.7494033412887828 0.2630158118010027 0.06335430679106097 0.14269186270728884
452 0.7181601215014103 0.41361357500964135 0.06422217400737687 0.14307751639028152
455 0.6970058581037102 0.7392981102969534 0.06530700802777176 0.1434631700732742
456 0.6919071382078542 0.13999228692634014 0.06335430679106097 0.1434631700732742
457 0.60381861575179 0.802738141149248 0.06639184204816663 0.14462013112225222
461 0.6586027337817314 0.45969919012726573 0.07398568019093078 0.16428846895487853
462 0.6354957691473204 0.1328576937909757 0.07290084617053591 0.16467412263787118
463 0.7593838142764157 0.12630158118010026 0.07203297895422 0.1631315079059005
464 0.6595790844000868 0.6224450443501736 0.07463658060316772 0.16428846895487853
465 0.6124972879149491 0.2954107211723872 0.07376871338685181 0.16505977632086385
466 0.733890214797136 0.28924026224450444 0.07268387936645693 0.16351716158889318
470 0.7318290301583857 0.4523717701504049 0.07333477977869386 0.16351716158889318
471 0.6046864829681059 0.8006170458927883 0.07593838142764157 0.16505977632086385
473 0.7032978954220004 0.7861550327805631 0.07485354740724669 0.16390281527188585
475 0.6632675200694294 0.45757809487080603 0.08331525276632676 0.18472811415349016
476 0.7385550010848341 0.13652140377940608 0.081145584725537 0.18357115310451214
477 0.6399435886309395 0.12302352487466256 0.08179648513777392 0.18511376783648284
478 0.662291169451074 0.6407635942923255 0.08396615317856368 0.18472811415349016
479 0.7437622043827294 0.3197069032009256 0.0820134519418529 0.18357115310451214
481 0.6060967671946192 0.30543771693019667 0.08309828596224778 0.1858850752024682
484 0.6091343024517248 0.8231777863478597 0.08526795400303754 0.18549942151947552
486 0.6676068561510089 0.48013883532587737 0.09242785853764374 0.20516775935210183
487 0.7413755695378607 0.14654839953721557 0.09025819049685398 0.20439645198611647
488 0.6426556736819267 0.10856151176243733 0.09112605771316988 0.20555341303509447
489 0.6592536341939683 0.6835711531045121 0.09351269255803862 0.20555341303509447
491 0.603167715339553 0.31141534901658313 0.09242785853764374 0.20632472040107983
492 0.7428943371664135 0.35036637099884305 0.09112605771316988 0.2040107983031238
